3:3:4:5:1:0:1:0.000016:[[0,0,1],[0,0,0],[1,0,0]]
3:3:4:11:1:0:1:0.000005:[[0,0,2],[0,0,0],[3,0,0]]
3:3:4:13:1:0:1:0.000007:[[4,0,0],[0,6,0],[0,0,10]]
3:3:4:17:1:0:1:0.000005:[[0,0,7],[0,0,0],[15,0,0]]
3:3:4:19:1:0:1:0.000005:[[8,0,0],[0,18,0],[0,0,12]]
3:3:4:23:1:0:1:0.000005:[[0,0,18],[0,0,0],[8,0,0]]
3:3:4:29:1:0:1:0.000005:[[0,0,3],[0,0,0],[8,0,0]]
3:3:4:31:1:0:1:0.000006:[[6,0,0],[0,11,0],[0,0,26]]
3:3:4:37:1:0:1:0.000005:[[8,0,0],[0,27,0],[0,0,8]]
3:3:4:41:1:0:1:0.000009:[[0,0,40],[0,0,0],[17,0,0]]
3:3:4:43:1:0:1:0.000006:[[9,0,0],[0,5,0],[0,0,23]]
3:3:4:47:1:0:1:0.000006:[[0,0,46],[0,0,0],[45,0,0]]
3:3:4:53:1:0:1:0.000006:[[0,0,8],[0,0,0],[20,0,0]]
3:3:4:59:1:0:1:0.000006:[[0,0,27],[0,0,0],[33,0,0]]
3:3:4:61:1:0:1:0.000006:[[52,0,0],[0,60,0],[0,0,4]]
3:3:4:67:1:0:1:0.000006:[[9,0,0],[0,5,0],[0,0,65]]
3:3:4:71:1:0:1:0.000007:[[0,0,55],[0,0,0],[41,0,0]]
3:3:4:73:1:0:1:0.000007:[[47,0,0],[0,66,0],[0,0,15]]
3:3:4:79:1:0:1:0.000007:[[10,0,0],[0,66,0],[0,0,76]]
3:3:4:83:1:0:1:0.000005:[[0,0,74],[0,0,0],[11,0,0]]
3:3:4:89:1:0:1:0.000007:[[0,0,0],[0,0,0],[0,0,0]]
3:3:4:97:1:0:1:0.000006:[[58,0,0],[0,5,0],[0,0,46]]
3:3:4:101:1:0:1:0.000009:[[0,0,67],[0,0,0],[29,0,0]]
3:3:4:103:1:0:1:0.000007:[[90,0,0],[0,90,0],[0,0,20]]
3:3:4:107:1:0:1:0.000007:[[0,0,34],[0,0,0],[63,0,0]]
3:3:4:109:1:0:1:0.000008:[[46,0,0],[0,90,0],[0,0,64]]
3:3:4:113:1:0:1:0.000008:[[0,0,95],[0,0,0],[70,0,0]]
3:3:4:127:1:0:1:0.000009:[[126,0,0],[0,126,0],[0,0,20]]
3:3:4:131:1:0:1:0.000008:[[0,0,6],[0,0,0],[25,0,0]]
3:3:4:137:1:0:1:0.000007:[[0,0,32],[0,0,0],[3,0,0]]
3:3:4:139:1:0:1:0.000010:[[129,0,0],[0,123,0],[0,0,129]]
3:3:4:149:1:0:1:0.000009:[[0,0,47],[0,0,0],[130,0,0]]
3:3:4:151:1:0:1:0.000009:[[9,0,0],[0,132,0],[0,0,137]]
3:3:4:157:1:0:1:0.000009:[[47,0,0],[0,132,0],[0,0,93]]
3:3:4:163:1:0:1:0.000010:[[153,0,0],[0,8,0],[0,0,153]]
3:3:4:167:1:0:1:0.000011:[[0,0,103],[0,0,0],[104,0,0]]
3:3:4:173:1:0:1:0.000011:[[0,0,148],[0,0,0],[10,0,0]]
3:3:4:179:1:0:1:0.000012:[[0,0,62],[0,0,0],[67,0,0]]
3:3:4:181:1:0:1:0.000011:[[8,0,0],[0,26,0],[0,0,8]]
3:3:4:191:1:0:1:0.000010:[[0,0,89],[0,0,0],[44,0,0]]
3:3:4:193:1:0:1:0.000009:[[152,0,0],[0,23,0],[0,0,30]]
3:3:4:197:1:0:1:0.000011:[[0,0,114],[0,0,0],[33,0,0]]
3:3:4:199:1:0:1:0.000011:[[107,0,0],[0,17,0],[0,0,93]]
3:3:4:211:1:0:1:0.000012:[[197,0,0],[0,29,0],[0,0,15]]
3:3:4:223:1:0:1:0.000010:[[57,0,0],[0,23,0],[0,0,173]]
3:3:4:227:1:0:1:0.000011:[[0,0,146],[0,0,0],[209,0,0]]
3:3:4:229:1:0:1:0.000010:[[95,0,0],[0,222,0],[0,0,135]]
3:3:4:233:1:0:1:0.000010:[[0,0,166],[0,0,0],[107,0,0]]
3:3:4:239:1:0:1:0.000013:[[0,0,211],[0,0,0],[51,0,0]]
3:3:4:241:1:0:1:0.000011:[[225,0,0],[0,14,0],[0,0,225]]
3:3:4:251:1:0:1:0.000013:[[0,0,20],[0,0,0],[78,0,0]]
3:3:4:257:1:0:1:0.000012:[[0,0,156],[0,0,0],[249,0,0]]
3:3:4:263:1:0:1:0.000015:[[0,0,62],[0,0,0],[122,0,0]]
3:3:4:269:1:0:1:0.000012:[[0,0,164],[0,0,0],[249,0,0]]
3:3:4:271:1:0:1:0.000010:[[203,0,0],[0,29,0],[0,0,75]]
3:3:4:277:1:0:1:0.000014:[[98,0,0],[0,246,0],[0,0,168]]
3:3:4:281:1:0:1:0.000011:[[0,0,111],[0,0,0],[214,0,0]]
3:3:4:283:1:0:1:0.000015:[[84,0,0],[0,276,0],[0,0,182]]
3:3:4:293:1:0:1:0.000016:[[0,0,74],[0,0,0],[32,0,0]]
3:3:4:307:1:0:1:0.000014:[[2,0,0],[0,291,0],[0,0,2]]
3:3:4:311:1:0:1:0.000018:[[0,0,209],[0,0,0],[49,0,0]]
3:3:4:313:1:0:1:0.000013:[[297,0,0],[0,291,0],[0,0,297]]
3:3:4:317:1:0:1:0.000012:[[0,0,54],[0,0,0],[37,0,0]]
3:3:4:331:1:0:1:0.000011:[[114,0,0],[0,300,0],[0,0,224]]
3:3:4:337:1:0:1:0.000014:[[309,0,0],[0,303,0],[0,0,309]]
3:3:4:347:1:0:1:0.000014:[[0,0,161],[0,0,0],[299,0,0]]
3:3:4:349:1:0:1:0.000013:[[20,0,0],[0,14,0],[0,0,20]]
3:3:4:353:1:0:1:0.000015:[[0,0,60],[0,0,0],[106,0,0]]
3:3:4:359:1:0:1:0.000014:[[0,0,315],[0,0,0],[13,0,0]]
3:3:4:367:1:0:1:0.000015:[[314,0,0],[0,35,0],[0,0,48]]
3:3:4:373:1:0:1:0.000015:[[96,0,0],[0,348,0],[0,0,242]]
3:3:4:379:1:0:1:0.000015:[[8,0,0],[0,8,0],[0,0,8]]
3:3:4:383:1:0:1:0.000013:[[0,0,47],[0,0,0],[188,0,0]]
3:3:4:389:1:0:1:0.000017:[[0,0,94],[0,0,0],[16,0,0]]
3:3:4:397:1:0:1:0.000019:[[363,0,0],[0,396,0],[0,0,35]]
3:3:4:401:1:0:1:0.000020:[[0,0,257],[0,0,0],[326,0,0]]
3:3:4:409:1:0:1:0.000019:[[381,0,0],[0,38,0],[0,0,381]]
3:3:4:419:1:0:1:0.000016:[[0,0,310],[0,0,0],[93,0,0]]
3:3:4:421:1:0:1:0.000020:[[2,0,0],[0,399,0],[0,0,2]]
3:3:4:431:1:0:1:0.000016:[[0,0,256],[0,0,0],[145,0,0]]
3:3:4:433:1:0:1:0.000020:[[335,0,0],[0,35,0],[0,0,81]]
3:3:4:439:1:0:1:0.000021:[[14,0,0],[0,411,0],[0,0,14]]
3:3:4:443:1:0:1:0.000017:[[0,0,171],[0,0,0],[133,0,0]]
3:3:4:449:1:0:1:0.000016:[[0,0,181],[0,0,0],[283,0,0]]
3:3:4:457:1:0:1:0.000018:[[227,0,0],[0,41,0],[0,0,201]]
3:3:4:461:1:0:1:0.000018:[[0,0,343],[0,0,0],[197,0,0]]
3:3:4:463:1:0:1:0.000017:[[418,0,0],[0,420,0],[0,0,64]]
3:3:4:467:1:0:1:0.000017:[[0,0,249],[0,0,0],[29,0,0]]
3:3:4:479:1:0:1:0.000022:[[0,0,291],[0,0,0],[42,0,0]]
3:3:4:487:1:0:1:0.000016:[[124,0,0],[0,468,0],[0,0,328]]
3:3:4:491:1:0:1:0.000016:[[0,0,65],[0,0,0],[356,0,0]]
3:3:4:499:1:0:1:0.000016:[[2,0,0],[0,32,0],[0,0,2]]
3:3:4:503:1:0:1:0.000019:[[0,0,97],[0,0,0],[443,0,0]]
3:3:4:509:1:0:1:0.000018:[[0,0,388],[0,0,0],[504,0,0]]
3:3:4:521:1:0:1:0.000020:[[0,0,84],[0,0,0],[43,0,0]]
3:3:4:523:1:0:1:0.000016:[[479,0,0],[0,480,0],[0,0,69]]
3:3:4:541:1:0:1:0.000020:[[513,0,0],[0,495,0],[0,0,513]]
