3:3:4:97:1:0:1:0.000019:[[8,0,0],[0,14,0],[0,0,8]]
3:3:4:101:1:0:1:0.000008:[[0,0,22],[0,0,0],[90,0,0]]
3:3:4:103:1:0:1:0.000010:[[0,0,0],[0,20,0],[0,0,0]]
3:3:4:107:1:0:1:0.000008:[[0,0,0],[0,0,0],[0,0,0]]
3:3:4:109:1:0:1:0.000008:[[20,0,0],[0,2,0],[0,0,20]]
3:3:4:113:1:0:1:0.000008:[[0,0,111],[0,0,0],[1,0,0]]
3:3:4:127:1:0:1:0.000007:[[0,0,0],[0,20,0],[0,0,0]]
3:3:4:131:1:0:1:0.000009:[[0,0,0],[0,0,0],[0,0,0]]
3:3:4:137:1:0:1:0.000007:[[0,0,123],[0,0,0],[7,0,0]]
3:3:4:139:1:0:1:0.000009:[[0,0,0],[0,123,0],[0,0,0]]
3:3:4:149:1:0:1:0.000009:[[0,0,34],[0,0,0],[132,0,0]]
3:3:4:151:1:0:1:0.000010:[[0,0,0],[0,147,0],[0,0,0]]
3:3:4:157:1:0:1:0.000010:[[135,0,0],[0,14,0],[0,0,135]]
3:3:4:163:1:0:1:0.000008:[[0,0,0],[0,8,0],[0,0,0]]
3:3:4:167:1:0:1:0.000011:[[0,0,0],[0,0,0],[0,0,0]]
3:3:4:173:1:0:1:0.000008:[[0,0,22],[0,0,0],[162,0,0]]
3:3:4:179:1:0:1:0.000008:[[0,0,0],[0,0,0],[0,0,0]]
3:3:4:181:1:0:1:0.000009:[[20,0,0],[0,26,0],[0,0,20]]
3:3:4:191:1:0:1:0.000009:[[0,0,0],[0,0,0],[0,0,0]]
3:3:4:193:1:0:1:0.000010:[[14,0,0],[0,2,0],[0,0,14]]
3:3:4:197:1:0:1:0.000011:[[0,0,171],[0,0,0],[13,0,0]]
3:3:4:199:1:0:1:0.000010:[[0,0,0],[0,171,0],[0,0,0]]
3:3:4:211:1:0:1:0.000011:[[0,0,0],[0,195,0],[0,0,0]]
3:3:4:223:1:0:1:0.000011:[[0,0,0],[0,195,0],[0,0,0]]
3:3:4:227:1:0:1:0.000009:[[0,0,0],[0,0,0],[0,0,0]]
3:3:4:229:1:0:1:0.000011:[[225,0,0],[0,207,0],[0,0,225]]
3:3:4:233:1:0:1:0.000010:[[0,0,10],[0,0,0],[228,0,0]]
3:3:4:239:1:0:1:0.000015:[[0,0,0],[0,0,0],[0,0,0]]
3:3:4:241:1:0:1:0.000011:[[8,0,0],[0,14,0],[0,0,8]]
3:3:4:251:1:0:1:0.000011:[[0,0,0],[0,0,0],[0,0,0]]
3:3:4:257:1:0:1:0.000011:[[0,0,34],[0,0,0],[240,0,0]]
3:3:4:263:1:0:1:0.000011:[[0,0,0],[0,0,0],[0,0,0]]
3:3:4:269:1:0:1:0.000011:[[0,0,46],[0,0,0],[246,0,0]]
3:3:4:271:1:0:1:0.000015:[[0,0,0],[0,243,0],[0,0,0]]
3:3:4:277:1:0:1:0.000013:[[249,0,0],[0,26,0],[0,0,249]]
3:3:4:281:1:0:1:0.000014:[[0,0,22],[0,0,0],[270,0,0]]
3:3:4:283:1:0:1:0.000012:[[0,0,0],[0,32,0],[0,0,0]]
3:3:4:293:1:0:1:0.000015:[[0,0,255],[0,0,0],[19,0,0]]
3:3:4:307:1:0:1:0.000017:[[0,0,0],[0,291,0],[0,0,0]]
3:3:4:311:1:0:1:0.000011:[[0,0,0],[0,0,0],[0,0,0]]
3:3:4:313:1:0:1:0.000014:[[26,0,0],[0,291,0],[0,0,26]]
3:3:4:317:1:0:1:0.000014:[[0,0,267],[0,0,0],[25,0,0]]
3:3:4:331:1:0:1:0.000015:[[0,0,0],[0,32,0],[0,0,0]]
3:3:4:337:1:0:1:0.000015:[[32,0,0],[0,303,0],[0,0,32]]
3:3:4:347:1:0:1:0.000012:[[0,0,0],[0,0,0],[0,0,0]]
3:3:4:349:1:0:1:0.000013:[[339,0,0],[0,14,0],[0,0,339]]
3:3:4:353:1:0:1:0.000014:[[0,0,303],[0,0,0],[25,0,0]]
3:3:4:359:1:0:1:0.000014:[[0,0,0],[0,0,0],[0,0,0]]
3:3:4:367:1:0:1:0.000020:[[0,0,0],[0,363,0],[0,0,0]]
3:3:4:373:1:0:1:0.000014:[[14,0,0],[0,38,0],[0,0,14]]
3:3:4:379:1:0:1:0.000015:[[0,0,0],[0,8,0],[0,0,0]]
3:3:4:383:1:0:1:0.000016:[[0,0,0],[0,0,0],[0,0,0]]
3:3:4:389:1:0:1:0.000018:[[0,0,375],[0,0,0],[7,0,0]]
3:3:4:397:1:0:1:0.000014:[[38,0,0],[0,363,0],[0,0,38]]
3:3:4:401:1:0:1:0.000015:[[0,0,363],[0,0,0],[19,0,0]]
3:3:4:409:1:0:1:0.000016:[[369,0,0],[0,38,0],[0,0,369]]
3:3:4:419:1:0:1:0.000020:[[0,0,0],[0,0,0],[0,0,0]]
3:3:4:421:1:0:1:0.000017:[[393,0,0],[0,399,0],[0,0,393]]
3:3:4:431:1:0:1:0.000020:[[0,0,0],[0,0,0],[0,0,0]]
3:3:4:433:1:0:1:0.000015:[[399,0,0],[0,2,0],[0,0,399]]
3:3:4:439:1:0:1:0.000016:[[0,0,0],[0,411,0],[0,0,0]]
3:3:4:443:1:0:1:0.000018:[[0,0,0],[0,0,0],[0,0,0]]
3:3:4:449:1:0:1:0.000019:[[0,0,423],[0,0,0],[13,0,0]]
3:3:4:457:1:0:1:0.000018:[[8,0,0],[0,447,0],[0,0,8]]
3:3:4:461:1:0:1:0.000017:[[0,0,58],[0,0,0],[432,0,0]]
3:3:4:463:1:0:1:0.000017:[[0,0,0],[0,20,0],[0,0,0]]
3:3:4:467:1:0:1:0.000017:[[0,0,0],[0,0,0],[0,0,0]]
3:3:4:479:1:0:1:0.000018:[[0,0,0],[0,0,0],[0,0,0]]
3:3:4:487:1:0:1:0.000018:[[0,0,0],[0,44,0],[0,0,0]]
3:3:4:491:1:0:1:0.000017:[[0,0,0],[0,0,0],[0,0,0]]
3:3:4:499:1:0:1:0.000022:[[0,0,0],[0,32,0],[0,0,0]]
3:3:4:503:1:0:1:0.000020:[[0,0,0],[0,0,0],[0,0,0]]
3:3:4:509:1:0:1:0.000020:[[0,0,34],[0,0,0],[492,0,0]]
3:3:4:521:1:0:1:0.000020:[[0,0,459],[0,0,0],[31,0,0]]
3:3:4:523:1:0:1:0.000016:[[0,0,0],[0,8,0],[0,0,0]]
3:3:4:541:1:0:1:0.000024:[[20,0,0],[0,495,0],[0,0,20]]
3:3:4:547:1:0:1:0.000021:[[0,0,0],[0,507,0],[0,0,0]]
3:3:4:557:1:0:1:0.000019:[[0,0,10],[0,0,0],[552,0,0]]
3:3:4:563:1:0:1:0.000025:[[0,0,0],[0,0,0],[0,0,0]]
3:3:4:569:1:0:1:0.000022:[[0,0,555],[0,0,0],[7,0,0]]
3:3:4:571:1:0:1:0.000023:[[0,0,0],[0,555,0],[0,0,0]]
3:3:4:577:1:0:1:0.000025:[[2,0,0],[0,531,0],[0,0,2]]
3:3:4:587:1:0:1:0.000024:[[0,0,0],[0,0,0],[0,0,0]]
3:3:4:593:1:0:1:0.000026:[[0,0,531],[0,0,0],[31,0,0]]
3:3:4:599:1:0:1:0.000023:[[0,0,0],[0,0,0],[0,0,0]]
3:3:4:601:1:0:1:0.000022:[[591,0,0],[0,26,0],[0,0,591]]
3:3:4:607:1:0:1:0.000022:[[0,0,0],[0,20,0],[0,0,0]]
3:3:4:613:1:0:1:0.000022:[[579,0,0],[0,603,0],[0,0,579]]
3:3:4:617:1:0:1:0.000026:[[0,0,70],[0,0,0],[582,0,0]]
3:3:4:619:1:0:1:0.000027:[[0,0,0],[0,32,0],[0,0,0]]
3:3:4:631:1:0:1:0.000022:[[0,0,0],[0,44,0],[0,0,0]]
3:3:4:641:1:0:1:0.000025:[[0,0,58],[0,0,0],[612,0,0]]
3:3:4:643:1:0:1:0.000021:[[0,0,0],[0,603,0],[0,0,0]]
3:3:4:647:1:0:1:0.000023:[[0,0,0],[0,0,0],[0,0,0]]
3:3:4:653:1:0:1:0.000024:[[0,0,70],[0,0,0],[618,0,0]]
3:3:4:659:1:0:1:0.000024:[[0,0,0],[0,0,0],[0,0,0]]
3:3:4:661:1:0:1:0.000025:[[50,0,0],[0,38,0],[0,0,50]]
3:3:4:673:1:0:1:0.000024:[[627,0,0],[0,50,0],[0,0,627]]
3:3:4:677:1:0:1:0.000022:[[0,0,627],[0,0,0],[25,0,0]]
3:3:4:683:1:0:1:0.000024:[[0,0,0],[0,0,0],[0,0,0]]
3:3:4:691:1:0:1:0.000029:[[0,0,0],[0,8,0],[0,0,0]]
3:3:4:701:1:0:1:0.000028:[[0,0,639],[0,0,0],[31,0,0]]
3:3:4:709:1:0:1:0.000026:[[44,0,0],[0,687,0],[0,0,44]]
3:3:4:719:1:0:1:0.000025:[[0,0,0],[0,0,0],[0,0,0]]
3:3:4:727:1:0:1:0.000025:[[0,0,0],[0,44,0],[0,0,0]]
3:3:4:733:1:0:1:0.000031:[[729,0,0],[0,50,0],[0,0,729]]
3:3:4:739:1:0:1:0.000026:[[0,0,0],[0,723,0],[0,0,0]]
3:3:4:743:1:0:1:0.000026:[[0,0,0],[0,0,0],[0,0,0]]
3:3:4:751:1:0:1:0.000027:[[0,0,0],[0,699,0],[0,0,0]]
3:3:4:757:1:0:1:0.000028:[[705,0,0],[0,26,0],[0,0,705]]
3:3:4:761:1:0:1:0.000028:[[0,0,759],[0,0,0],[1,0,0]]
3:3:4:769:1:0:1:0.000024:[[50,0,0],[0,2,0],[0,0,50]]
3:3:4:773:1:0:1:0.000027:[[0,0,10],[0,0,0],[768,0,0]]
3:3:4:787:1:0:1:0.000033:[[0,0,0],[0,56,0],[0,0,0]]
3:3:4:797:1:0:1:0.000033:[[0,0,723],[0,0,0],[37,0,0]]
3:3:4:809:1:0:1:0.000030:[[0,0,46],[0,0,0],[786,0,0]]
3:3:4:811:1:0:1:0.000029:[[0,0,0],[0,56,0],[0,0,0]]
3:3:4:821:1:0:1:0.000031:[[0,0,22],[0,0,0],[810,0,0]]
3:3:4:823:1:0:1:0.000033:[[0,0,0],[0,771,0],[0,0,0]]
3:3:4:827:1:0:1:0.000026:[[0,0,0],[0,0,0],[0,0,0]]
3:3:4:829:1:0:1:0.000027:[[20,0,0],[0,783,0],[0,0,20]]
3:3:4:839:1:0:1:0.000035:[[0,0,0],[0,0,0],[0,0,0]]
3:3:4:853:1:0:1:0.000035:[[807,0,0],[0,795,0],[0,0,807]]
3:3:4:857:1:0:1:0.000031:[[0,0,807],[0,0,0],[25,0,0]]
3:3:4:859:1:0:1:0.000025:[[0,0,0],[0,56,0],[0,0,0]]
3:3:4:863:1:0:1:0.000029:[[0,0,0],[0,0,0],[0,0,0]]
3:3:4:877:1:0:1:0.000029:[[819,0,0],[0,843,0],[0,0,819]]
3:3:4:881:1:0:1:0.000032:[[0,0,82],[0,0,0],[840,0,0]]
3:3:4:883:1:0:1:0.000039:[[0,0,0],[0,8,0],[0,0,0]]
3:3:4:887:1:0:1:0.000026:[[0,0,0],[0,0,0],[0,0,0]]
3:3:4:907:1:0:1:0.000032:[[0,0,0],[0,867,0],[0,0,0]]
3:3:4:911:1:0:1:0.000037:[[0,0,0],[0,0,0],[0,0,0]]
3:3:4:919:1:0:1:0.000037:[[0,0,0],[0,867,0],[0,0,0]]
3:3:4:929:1:0:1:0.000029:[[0,0,843],[0,0,0],[43,0,0]]
3:3:4:937:1:0:1:0.000034:[[38,0,0],[0,26,0],[0,0,38]]
3:3:4:941:1:0:1:0.000034:[[0,0,903],[0,0,0],[19,0,0]]
3:3:4:947:1:0:1:0.000034:[[0,0,0],[0,0,0],[0,0,0]]
3:3:4:953:1:0:1:0.000037:[[0,0,82],[0,0,0],[912,0,0]]
3:3:4:967:1:0:1:0.000032:[[0,0,0],[0,20,0],[0,0,0]]
3:3:4:971:1:0:1:0.000035:[[0,0,0],[0,0,0],[0,0,0]]
3:3:4:977:1:0:1:0.000032:[[0,0,70],[0,0,0],[942,0,0]]
3:3:4:983:1:0:1:0.000039:[[0,0,0],[0,0,0],[0,0,0]]
3:3:4:991:1:0:1:0.000031:[[0,0,0],[0,44,0],[0,0,0]]
3:3:4:997:1:0:1:0.000032:[[62,0,0],[0,987,0],[0,0,62]]
3:3:4:1009:1:0:1:0.000037:[[56,0,0],[0,62,0],[0,0,56]]
3:3:4:1013:1:0:1:0.000033:[[0,0,1011],[0,0,0],[1,0,0]]
3:3:4:1019:1:0:1:0.000041:[[0,0,0],[0,0,0],[0,0,0]]
3:3:4:1021:1:0:1:0.000032:[[999,0,0],[0,14,0],[0,0,999]]
3:3:4:1031:1:0:1:0.000037:[[0,0,0],[0,0,0],[0,0,0]]
3:3:4:1033:1:0:1:0.000034:[[969,0,0],[0,975,0],[0,0,969]]
3:3:4:1039:1:0:1:0.000034:[[0,0,0],[0,987,0],[0,0,0]]
3:3:4:1049:1:0:1:0.000029:[[0,0,975],[0,0,0],[37,0,0]]
3:3:4:1051:1:0:1:0.000031:[[0,0,0],[0,987,0],[0,0,0]]
3:3:4:1061:1:0:1:0.000035:[[0,0,82],[0,0,0],[1020,0,0]]
3:3:4:1063:1:0:1:0.000037:[[0,0,0],[0,1035,0],[0,0,0]]
3:3:4:1069:1:0:1:0.000032:[[26,0,0],[0,62,0],[0,0,26]]
3:3:4:1087:1:0:1:0.000043:[[0,0,0],[0,1083,0],[0,0,0]]
3:3:4:1091:1:0:1:0.000034:[[0,0,0],[0,0,0],[0,0,0]]
3:3:4:1093:1:0:1:0.000038:[[1089,0,0],[0,1071,0],[0,0,1089]]
3:3:4:1097:1:0:1:0.000034:[[0,0,1071],[0,0,0],[13,0,0]]
3:3:4:1103:1:0:1:0.000035:[[0,0,0],[0,0,0],[0,0,0]]
3:3:4:1109:1:0:1:0.000040:[[0,0,94],[0,0,0],[1062,0,0]]
3:3:4:1117:1:0:1:0.000035:[[1065,0,0],[0,1071,0],[0,0,1065]]
3:3:4:1123:1:0:1:0.000035:[[0,0,0],[0,32,0],[0,0,0]]
3:3:4:1129:1:0:1:0.000045:[[1089,0,0],[0,38,0],[0,0,1089]]
3:3:4:1151:1:0:1:0.000038:[[0,0,0],[0,0,0],[0,0,0]]
3:3:4:1153:1:0:1:0.000046:[[1137,0,0],[0,62,0],[0,0,1137]]
3:3:4:1163:1:0:1:0.000042:[[0,0,0],[0,0,0],[0,0,0]]
3:3:4:1171:1:0:1:0.000045:[[0,0,0],[0,1107,0],[0,0,0]]
3:3:4:1181:1:0:1:0.000039:[[0,0,58],[0,0,0],[1152,0,0]]
3:3:4:1187:1:0:1:0.000035:[[0,0,0],[0,0,0],[0,0,0]]
3:3:4:1193:1:0:1:0.000039:[[0,0,1155],[0,0,0],[19,0,0]]
3:3:4:1201:1:0:1:0.000047:[[50,0,0],[0,2,0],[0,0,50]]
3:3:4:1213:1:0:1:0.000039:[[44,0,0],[0,50,0],[0,0,44]]
3:3:4:1217:1:0:1:0.000041:[[0,0,94],[0,0,0],[1170,0,0]]
3:3:4:1223:1:0:1:0.000070:[[0,0,0],[0,0,0],[0,0,0]]
3:3:4:1229:1:0:1:0.000042:[[0,0,1155],[0,0,0],[37,0,0]]
3:3:4:1231:1:0:1:0.000050:[[0,0,0],[0,68,0],[0,0,0]]
3:3:4:1237:1:0:1:0.000046:[[68,0,0],[0,1167,0],[0,0,68]]
3:3:4:1249:1:0:1:0.000040:[[1185,0,0],[0,14,0],[0,0,1185]]
3:3:4:1259:1:0:1:0.000038:[[0,0,0],[0,0,0],[0,0,0]]
3:3:4:1277:1:0:1:0.000037:[[0,0,46],[0,0,0],[1254,0,0]]
3:3:4:1279:1:0:1:0.000041:[[0,0,0],[0,1251,0],[0,0,0]]
3:3:4:1283:1:0:1:0.000050:[[0,0,0],[0,0,0],[0,0,0]]
3:3:4:1289:1:0:1:0.000042:[[0,0,1203],[0,0,0],[43,0,0]]
3:3:4:1291:1:0:1:0.000038:[[0,0,0],[0,56,0],[0,0,0]]
3:3:4:1297:1:0:1:0.000051:[[2,0,0],[0,1251,0],[0,0,2]]
3:3:4:1301:1:0:1:0.000041:[[0,0,1299],[0,0,0],[1,0,0]]
3:3:4:1303:1:0:1:0.000040:[[0,0,0],[0,68,0],[0,0,0]]
3:3:4:1307:1:0:1:0.000042:[[0,0,0],[0,0,0],[0,0,0]]
3:3:4:1319:1:0:1:0.000048:[[0,0,0],[0,0,0],[0,0,0]]
3:3:4:1321:1:0:1:0.000041:[[1311,0,0],[0,1299,0],[0,0,1311]]
3:3:4:1327:1:0:1:0.000039:[[0,0,0],[0,1323,0],[0,0,0]]
3:3:4:1361:1:0:1:0.000040:[[0,0,22],[0,0,0],[1350,0,0]]
3:3:4:1367:1:0:1:0.000043:[[0,0,0],[0,0,0],[0,0,0]]
3:3:4:1373:1:0:1:0.000044:[[0,0,70],[0,0,0],[1338,0,0]]
3:3:4:1381:1:0:1:0.000051:[[68,0,0],[0,74,0],[0,0,68]]
3:3:4:1399:1:0:1:0.000045:[[0,0,0],[0,68,0],[0,0,0]]
3:3:4:1409:1:0:1:0.000042:[[0,0,106],[0,0,0],[1356,0,0]]
3:3:4:1423:1:0:1:0.000040:[[0,0,0],[0,20,0],[0,0,0]]
3:3:4:1427:1:0:1:0.000039:[[0,0,0],[0,0,0],[0,0,0]]
3:3:4:1429:1:0:1:0.000056:[[1383,0,0],[0,1371,0],[0,0,1383]]
3:3:4:1433:1:0:1:0.000042:[[0,0,58],[0,0,0],[1404,0,0]]
3:3:4:1439:1:0:1:0.000052:[[0,0,0],[0,0,0],[0,0,0]]
3:3:4:1447:1:0:1:0.000051:[[0,0,0],[0,1371,0],[0,0,0]]
3:3:4:1451:1:0:1:0.000050:[[0,0,0],[0,0,0],[0,0,0]]
3:3:4:1453:1:0:1:0.000043:[[1377,0,0],[0,2,0],[0,0,1377]]
3:3:4:1459:1:0:1:0.000043:[[0,0,0],[0,56,0],[0,0,0]]
3:3:4:1471:1:0:1:0.000048:[[0,0,0],[0,1395,0],[0,0,0]]
3:3:4:1481:1:0:1:0.000056:[[0,0,1443],[0,0,0],[19,0,0]]
3:3:4:1483:1:0:1:0.000043:[[0,0,0],[0,1443,0],[0,0,0]]
3:3:4:1487:1:0:1:0.000041:[[0,0,0],[0,0,0],[0,0,0]]
3:3:4:1489:1:0:1:0.000058:[[1449,0,0],[0,1455,0],[0,0,1449]]
3:3:4:1493:1:0:1:0.000047:[[0,0,1431],[0,0,0],[31,0,0]]
3:3:4:1499:1:0:1:0.000048:[[0,0,0],[0,0,0],[0,0,0]]
3:3:4:1511:1:0:1:0.000052:[[0,0,0],[0,0,0],[0,0,0]]
3:3:4:1523:1:0:1:0.000041:[[0,0,0],[0,0,0],[0,0,0]]
3:3:4:1531:1:0:1:0.000049:[[0,0,0],[0,1467,0],[0,0,0]]
3:3:4:1543:1:0:1:0.000060:[[0,0,0],[0,1491,0],[0,0,0]]
3:3:4:1549:1:0:1:0.000048:[[1479,0,0],[0,62,0],[0,0,1479]]
3:3:4:1553:1:0:1:0.000053:[[0,0,1443],[0,0,0],[55,0,0]]
3:3:4:1559:1:0:1:0.000049:[[0,0,0],[0,0,0],[0,0,0]]
3:3:4:1567:1:0:1:0.000061:[[0,0,0],[0,44,0],[0,0,0]]
3:3:4:1571:1:0:1:0.000050:[[0,0,0],[0,0,0],[0,0,0]]
3:3:4:1579:1:0:1:0.000046:[[0,0,0],[0,32,0],[0,0,0]]
3:3:4:1583:1:0:1:0.000044:[[0,0,0],[0,0,0],[0,0,0]]
3:3:4:1597:1:0:1:0.000061:[[68,0,0],[0,50,0],[0,0,68]]
3:3:4:1601:1:0:1:0.000062:[[0,0,82],[0,0,0],[1560,0,0]]
3:3:4:1607:1:0:1:0.000053:[[0,0,0],[0,0,0],[0,0,0]]
3:3:4:1609:1:0:1:0.000056:[[80,0,0],[0,1551,0],[0,0,80]]
3:3:4:1613:1:0:1:0.000047:[[0,0,1563],[0,0,0],[25,0,0]]
3:3:4:1619:1:0:1:0.000063:[[0,0,0],[0,0,0],[0,0,0]]
3:3:4:1621:1:0:1:0.000057:[[20,0,0],[0,26,0],[0,0,20]]
3:3:4:1627:1:0:1:0.000047:[[0,0,0],[0,80,0],[0,0,0]]
3:3:4:1637:1:0:1:0.000048:[[0,0,10],[0,0,0],[1632,0,0]]
3:3:4:1657:1:0:1:0.000057:[[38,0,0],[0,1587,0],[0,0,38]]
3:3:4:1663:1:0:1:0.000064:[[0,0,0],[0,68,0],[0,0,0]]
3:3:4:1667:1:0:1:0.000053:[[0,0,0],[0,0,0],[0,0,0]]
3:3:4:1669:1:0:1:0.000057:[[1593,0,0],[0,74,0],[0,0,1593]]
3:3:4:1693:1:0:1:0.000057:[[74,0,0],[0,1611,0],[0,0,74]]
3:3:4:1697:1:0:1:0.000065:[[0,0,1623],[0,0,0],[37,0,0]]
3:3:4:1699:1:0:1:0.000052:[[0,0,0],[0,1635,0],[0,0,0]]
3:3:4:1709:1:0:1:0.000061:[[0,0,1683],[0,0,0],[13,0,0]]
3:3:4:1721:1:0:1:0.000056:[[0,0,58],[0,0,0],[1692,0,0]]
3:3:4:1723:1:0:1:0.000060:[[0,0,0],[0,1683,0],[0,0,0]]
3:3:4:1733:1:0:1:0.000066:[[0,0,1623],[0,0,0],[55,0,0]]
3:3:4:1741:1:0:1:0.000050:[[1683,0,0],[0,1707,0],[0,0,1683]]
3:3:4:1747:1:0:1:0.000055:[[0,0,0],[0,80,0],[0,0,0]]
3:3:4:1753:1:0:1:0.000067:[[1689,0,0],[0,1743,0],[0,0,1689]]
3:3:4:1759:1:0:1:0.000056:[[0,0,0],[0,1707,0],[0,0,0]]
3:3:4:1777:1:0:1:0.000061:[[32,0,0],[0,14,0],[0,0,32]]
3:3:4:1783:1:0:1:0.000061:[[0,0,0],[0,1755,0],[0,0,0]]
3:3:4:1787:1:0:1:0.000068:[[0,0,0],[0,0,0],[0,0,0]]
3:3:4:1789:1:0:1:0.000054:[[1779,0,0],[0,1707,0],[0,0,1779]]
3:3:4:1801:1:0:1:0.000062:[[1731,0,0],[0,74,0],[0,0,1731]]
3:3:4:1811:1:0:1:0.000059:[[0,0,0],[0,0,0],[0,0,0]]
3:3:4:1823:1:0:1:0.000056:[[0,0,0],[0,0,0],[0,0,0]]
3:3:4:1831:1:0:1:0.000055:[[0,0,0],[0,68,0],[0,0,0]]
3:3:4:1847:1:0:1:0.000053:[[0,0,0],[0,0,0],[0,0,0]]
3:3:4:1861:1:0:1:0.000055:[[62,0,0],[0,86,0],[0,0,62]]
3:3:4:1867:1:0:1:0.000064:[[0,0,0],[0,56,0],[0,0,0]]
3:3:4:1871:1:0:1:0.000064:[[0,0,0],[0,0,0],[0,0,0]]
3:3:4:1873:1:0:1:0.000058:[[56,0,0],[0,1791,0],[0,0,56]]
3:3:4:1877:1:0:1:0.000057:[[0,0,1767],[0,0,0],[55,0,0]]
3:3:4:1879:1:0:1:0.000059:[[0,0,0],[0,1875,0],[0,0,0]]
3:3:4:1889:1:0:1:0.000074:[[0,0,46],[0,0,0],[1866,0,0]]
3:3:4:1901:1:0:1:0.000055:[[0,0,1779],[0,0,0],[61,0,0]]
3:3:4:1907:1:0:1:0.000073:[[0,0,0],[0,0,0],[0,0,0]]
3:3:4:1913:1:0:1:0.000060:[[0,0,70],[0,0,0],[1878,0,0]]
3:3:4:1931:1:0:1:0.000067:[[0,0,0],[0,0,0],[0,0,0]]
3:3:4:1933:1:0:1:0.000054:[[26,0,0],[0,62,0],[0,0,26]]
3:3:4:1949:1:0:1:0.000067:[[0,0,106],[0,0,0],[1896,0,0]]
3:3:4:1951:1:0:1:0.000054:[[0,0,0],[0,1875,0],[0,0,0]]
3:3:4:1973:1:0:1:0.000066:[[0,0,1851],[0,0,0],[61,0,0]]
3:3:4:1979:1:0:1:0.000061:[[0,0,0],[0,0,0],[0,0,0]]
3:3:4:1987:1:0:1:0.000066:[[0,0,0],[0,1947,0],[0,0,0]]
3:3:4:1993:1:0:1:0.000068:[[86,0,0],[0,1923,0],[0,0,86]]
3:3:4:1997:1:0:1:0.000058:[[0,0,10],[0,0,0],[1992,0,0]]
3:3:4:1999:1:0:1:0.000078:[[0,0,0],[0,1947,0],[0,0,0]]
3:3:4:2003:1:0:1:0.000062:[[0,0,0],[0,0,0],[0,0,0]]
3:3:4:2011:1:0:1:0.000077:[[0,0,0],[0,1923,0],[0,0,0]]
3:3:4:2017:1:0:1:0.000065:[[1929,0,0],[0,1983,0],[0,0,1929]]
3:3:4:2027:1:0:1:0.000075:[[0,0,0],[0,0,0],[0,0,0]]
3:3:4:2029:1:0:1:0.000063:[[2025,0,0],[0,2,0],[0,0,2025]]
3:3:4:2039:1:0:1:0.000078:[[0,0,0],[0,0,0],[0,0,0]]
3:3:4:2053:1:0:1:0.000070:[[2019,0,0],[0,2043,0],[0,0,2019]]
3:3:4:2063:1:0:1:0.000099:[[0,0,0],[0,0,0],[0,0,0]]
3:3:4:2069:1:0:1:0.000058:[[0,0,2043],[0,0,0],[13,0,0]]
3:3:4:2081:1:0:1:0.000065:[[0,0,1959],[0,0,0],[61,0,0]]
3:3:4:2083:1:0:1:0.000070:[[0,0,0],[0,1995,0],[0,0,0]]
3:3:4:2087:1:0:1:0.000067:[[0,0,0],[0,0,0],[0,0,0]]
3:3:4:2089:1:0:1:0.000059:[[2073,0,0],[0,38,0],[0,0,2073]]
3:3:4:2099:1:0:1:0.000071:[[0,0,0],[0,0,0],[0,0,0]]
3:3:4:2111:1:0:1:0.000081:[[0,0,0],[0,0,0],[0,0,0]]
3:3:4:2113:1:0:1:0.000060:[[2049,0,0],[0,2031,0],[0,0,2049]]
3:3:4:2129:1:0:1:0.000081:[[0,0,34],[0,0,0],[2112,0,0]]
3:3:4:2131:1:0:1:0.000066:[[0,0,0],[0,32,0],[0,0,0]]
3:3:4:2137:1:0:1:0.000066:[[2079,0,0],[0,74,0],[0,0,2079]]
3:3:4:2141:1:0:1:0.000071:[[0,0,82],[0,0,0],[2100,0,0]]
3:3:4:2143:1:0:1:0.000079:[[0,0,0],[0,92,0],[0,0,0]]
3:3:4:2153:1:0:1:0.000061:[[0,0,130],[0,0,0],[2088,0,0]]
3:3:4:2161:1:0:1:0.000074:[[2073,0,0],[0,62,0],[0,0,2073]]
3:3:4:2179:1:0:1:0.000073:[[0,0,0],[0,2091,0],[0,0,0]]
3:3:4:2203:1:0:1:0.000073:[[0,0,0],[0,8,0],[0,0,0]]
3:3:4:2207:1:0:1:0.000067:[[0,0,0],[0,0,0],[0,0,0]]
3:3:4:2213:1:0:1:0.000065:[[0,0,2115],[0,0,0],[49,0,0]]
3:3:4:2221:1:0:1:0.000065:[[2193,0,0],[0,2127,0],[0,0,2193]]
3:3:4:2237:1:0:1:0.000067:[[0,0,70],[0,0,0],[2202,0,0]]
3:3:4:2239:1:0:1:0.000084:[[0,0,0],[0,68,0],[0,0,0]]
3:3:4:2243:1:0:1:0.000071:[[0,0,0],[0,0,0],[0,0,0]]
3:3:4:2251:1:0:1:0.000069:[[0,0,0],[0,2235,0],[0,0,0]]
3:3:4:2267:1:0:1:0.000075:[[0,0,0],[0,0,0],[0,0,0]]
3:3:4:2269:1:0:1:0.000069:[[74,0,0],[0,2187,0],[0,0,74]]
3:3:4:2273:1:0:1:0.000080:[[0,0,2163],[0,0,0],[55,0,0]]
3:3:4:2281:1:0:1:0.000064:[[32,0,0],[0,86,0],[0,0,32]]
3:3:4:2287:1:0:1:0.000074:[[0,0,0],[0,20,0],[0,0,0]]
3:3:4:2293:1:0:1:0.000078:[[2247,0,0],[0,2235,0],[0,0,2247]]
3:3:4:2297:1:0:1:0.000087:[[0,0,2247],[0,0,0],[25,0,0]]
3:3:4:2309:1:0:1:0.000072:[[0,0,2235],[0,0,0],[37,0,0]]
3:3:4:2311:1:0:1:0.000070:[[0,0,0],[0,2235,0],[0,0,0]]
3:3:4:2333:1:0:1:0.000070:[[0,0,130],[0,0,0],[2268,0,0]]
3:3:4:2339:1:0:1:0.000072:[[0,0,0],[0,0,0],[0,0,0]]
3:3:4:2341:1:0:1:0.000089:[[92,0,0],[0,74,0],[0,0,92]]
3:3:4:2347:1:0:1:0.000070:[[0,0,0],[0,2283,0],[0,0,0]]
3:3:4:2351:1:0:1:0.000080:[[0,0,0],[0,0,0],[0,0,0]]
3:3:4:2357:1:0:1:0.000084:[[0,0,2223],[0,0,0],[67,0,0]]
3:3:4:2371:1:0:1:0.000073:[[0,0,0],[0,56,0],[0,0,0]]
3:3:4:2377:1:0:1:0.000076:[[2289,0,0],[0,2367,0],[0,0,2289]]
3:3:4:2381:1:0:1:0.000082:[[0,0,2379],[0,0,0],[1,0,0]]
3:3:4:2383:1:0:1:0.000063:[[0,0,0],[0,2355,0],[0,0,0]]
3:3:4:2389:1:0:1:0.000073:[[50,0,0],[0,38,0],[0,0,50]]
3:3:4:2393:1:0:1:0.000080:[[0,0,10],[0,0,0],[2388,0,0]]
3:3:4:2399:1:0:1:0.000079:[[0,0,0],[0,0,0],[0,0,0]]
3:3:4:2411:1:0:1:0.000091:[[0,0,0],[0,0,0],[0,0,0]]
3:3:4:2417:1:0:1:0.000073:[[0,0,106],[0,0,0],[2364,0,0]]
3:3:4:2423:1:0:1:0.000083:[[0,0,0],[0,0,0],[0,0,0]]
3:3:4:2437:1:0:1:0.000090:[[98,0,0],[0,86,0],[0,0,98]]
3:3:4:2441:1:0:1:0.000073:[[0,0,22],[0,0,0],[2430,0,0]]
3:3:4:2447:1:0:1:0.000067:[[0,0,0],[0,0,0],[0,0,0]]
3:3:4:2459:1:0:1:0.000075:[[0,0,0],[0,0,0],[0,0,0]]
3:3:4:2467:1:0:1:0.000094:[[0,0,0],[0,80,0],[0,0,0]]
3:3:4:2473:1:0:1:0.000070:[[26,0,0],[0,2451,0],[0,0,26]]
3:3:4:2477:1:0:1:0.000077:[[0,0,130],[0,0,0],[2412,0,0]]
3:3:4:2503:1:0:1:0.000076:[[0,0,0],[0,2403,0],[0,0,0]]
3:3:4:2521:1:0:1:0.000091:[[2451,0,0],[0,26,0],[0,0,2451]]
3:3:4:2531:1:0:1:0.000076:[[0,0,0],[0,0,0],[0,0,0]]
3:3:4:2539:1:0:1:0.000091:[[0,0,0],[0,8,0],[0,0,0]]
3:3:4:2543:1:0:1:0.000105:[[0,0,0],[0,0,0],[0,0,0]]
3:3:4:2549:1:0:1:0.000079:[[0,0,2463],[0,0,0],[43,0,0]]
3:3:4:2551:1:0:1:0.000096:[[0,0,0],[0,2499,0],[0,0,0]]
3:3:4:2557:1:0:1:0.000096:[[92,0,0],[0,2511,0],[0,0,92]]
3:3:4:2579:1:0:1:0.000072:[[0,0,0],[0,0,0],[0,0,0]]
3:3:4:2591:1:0:1:0.000088:[[0,0,0],[0,0,0],[0,0,0]]
3:3:4:2593:1:0:1:0.000073:[[2559,0,0],[0,98,0],[0,0,2559]]
3:3:4:2609:1:0:1:0.000052:[[0,0,2475],[0,0,0],[67,0,0]]
3:3:4:2617:1:0:1:0.000084:[[8,0,0],[0,86,0],[0,0,8]]
3:3:4:2621:1:0:1:0.000094:[[0,0,2499],[0,0,0],[61,0,0]]
3:3:4:2633:1:0:1:0.000059:[[0,0,142],[0,0,0],[2562,0,0]]
3:3:4:2647:1:0:1:0.000083:[[0,0,0],[0,2547,0],[0,0,0]]
3:3:4:2657:1:0:1:0.000079:[[0,0,130],[0,0,0],[2592,0,0]]
3:3:4:2659:1:0:1:0.000091:[[0,0,0],[0,56,0],[0,0,0]]
3:3:4:2663:1:0:1:0.000090:[[0,0,0],[0,0,0],[0,0,0]]
3:3:4:2671:1:0:1:0.000077:[[0,0,0],[0,44,0],[0,0,0]]
3:3:4:2677:1:0:1:0.000075:[[68,0,0],[0,2607,0],[0,0,68]]
3:3:4:2683:1:0:1:0.000101:[[0,0,0],[0,80,0],[0,0,0]]
3:3:4:2687:1:0:1:0.000091:[[0,0,0],[0,0,0],[0,0,0]]
3:3:4:2689:1:0:1:0.000083:[[80,0,0],[0,62,0],[0,0,80]]
3:3:4:2693:1:0:1:0.000089:[[0,0,2643],[0,0,0],[25,0,0]]
3:3:4:2699:1:0:1:0.000102:[[0,0,0],[0,0,0],[0,0,0]]
3:3:4:2707:1:0:1:0.000082:[[0,0,0],[0,104,0],[0,0,0]]
3:3:4:2711:1:0:1:0.000077:[[0,0,0],[0,0,0],[0,0,0]]
3:3:4:2713:1:0:1:0.000102:[[104,0,0],[0,38,0],[0,0,104]]
3:3:4:2719:1:0:1:0.000093:[[0,0,0],[0,2691,0],[0,0,0]]
3:3:4:2729:1:0:1:0.000076:[[0,0,94],[0,0,0],[2682,0,0]]
3:3:4:2731:1:0:1:0.000090:[[0,0,0],[0,104,0],[0,0,0]]
3:3:4:2741:1:0:1:0.000099:[[0,0,142],[0,0,0],[2670,0,0]]
3:3:4:2749:1:0:1:0.000083:[[86,0,0],[0,14,0],[0,0,86]]
3:3:4:2753:1:0:1:0.000093:[[0,0,118],[0,0,0],[2694,0,0]]
3:3:4:2767:1:0:1:0.000104:[[0,0,0],[0,2691,0],[0,0,0]]
3:3:4:2777:1:0:1:0.000085:[[0,0,2631],[0,0,0],[73,0,0]]
3:3:4:2789:1:0:1:0.000078:[[0,0,2655],[0,0,0],[67,0,0]]
3:3:4:2791:1:0:1:0.000098:[[0,0,0],[0,92,0],[0,0,0]]
3:3:4:2797:1:0:1:0.000077:[[2769,0,0],[0,2703,0],[0,0,2769]]
3:3:4:2801:1:0:1:0.000105:[[0,0,58],[0,0,0],[2772,0,0]]
3:3:4:2803:1:0:1:0.000095:[[0,0,0],[0,2715,0],[0,0,0]]
3:3:4:2819:1:0:1:0.000078:[[0,0,0],[0,0,0],[0,0,0]]
3:3:4:2833:1:0:1:0.000087:[[2787,0,0],[0,98,0],[0,0,2787]]
3:3:4:2837:1:0:1:0.000107:[[0,0,2823],[0,0,0],[7,0,0]]
3:3:4:2843:1:0:1:0.000079:[[0,0,0],[0,0,0],[0,0,0]]
3:3:4:2851:1:0:1:0.000093:[[0,0,0],[0,104,0],[0,0,0]]
3:3:4:2857:1:0:1:0.000087:[[32,0,0],[0,2751,0],[0,0,32]]
3:3:4:2861:1:0:1:0.000085:[[0,0,2799],[0,0,0],[31,0,0]]
3:3:4:2879:1:0:1:0.000094:[[0,0,0],[0,0,0],[0,0,0]]
3:3:4:2887:1:0:1:0.000106:[[0,0,0],[0,2883,0],[0,0,0]]
3:3:4:2897:1:0:1:0.000088:[[0,0,2871],[0,0,0],[13,0,0]]
3:3:4:2903:1:0:1:0.000097:[[0,0,0],[0,0,0],[0,0,0]]
3:3:4:2909:1:0:1:0.000103:[[0,0,2823],[0,0,0],[43,0,0]]
3:3:4:2917:1:0:1:0.000145:[[2,0,0],[0,2811,0],[0,0,2]]
3:3:4:2927:1:0:1:0.000082:[[0,0,0],[0,0,0],[0,0,0]]
3:3:4:2939:1:0:1:0.000092:[[0,0,0],[0,0,0],[0,0,0]]
3:3:4:2953:1:0:1:0.000101:[[2847,0,0],[0,2883,0],[0,0,2847]]
3:3:4:2957:1:0:1:0.000090:[[0,0,34],[0,0,0],[2940,0,0]]
3:3:4:2963:1:0:1:0.000090:[[0,0,0],[0,0,0],[0,0,0]]
3:3:4:2969:1:0:1:0.000077:[[0,0,154],[0,0,0],[2892,0,0]]
3:3:4:2971:1:0:1:0.000094:[[0,0,0],[0,56,0],[0,0,0]]
3:3:4:2999:1:0:1:0.000113:[[0,0,0],[0,0,0],[0,0,0]]
3:3:4:3001:1:0:1:0.000088:[[2961,0,0],[0,2895,0],[0,0,2961]]
3:3:4:3011:1:0:1:0.000113:[[0,0,0],[0,0,0],[0,0,0]]
3:3:4:3019:1:0:1:0.000101:[[0,0,0],[0,2931,0],[0,0,0]]
3:3:4:3023:1:0:1:0.000089:[[0,0,0],[0,0,0],[0,0,0]]
3:3:4:3037:1:0:1:0.000085:[[3015,0,0],[0,110,0],[0,0,3015]]
3:3:4:3041:1:0:1:0.000113:[[0,0,118],[0,0,0],[2982,0,0]]
3:3:4:3049:1:0:1:0.000102:[[2985,0,0],[0,86,0],[0,0,2985]]
3:3:4:3061:1:0:1:0.000093:[[110,0,0],[0,38,0],[0,0,110]]
3:3:4:3067:1:0:1:0.000115:[[0,0,0],[0,104,0],[0,0,0]]
3:3:4:3079:1:0:1:0.000086:[[0,0,0],[0,3051,0],[0,0,0]]
3:3:4:3083:1:0:1:0.000095:[[0,0,0],[0,0,0],[0,0,0]]
3:3:4:3089:1:0:1:0.000086:[[0,0,94],[0,0,0],[3042,0,0]]
3:3:4:3109:1:0:1:0.000105:[[3015,0,0],[0,3003,0],[0,0,3015]]
3:3:4:3119:1:0:1:0.000087:[[0,0,0],[0,0,0],[0,0,0]]
3:3:4:3121:1:0:1:0.000101:[[80,0,0],[0,14,0],[0,0,80]]
3:3:4:3137:1:0:1:0.000105:[[0,0,3027],[0,0,0],[55,0,0]]
3:3:4:3163:1:0:1:0.000110:[[0,0,0],[0,3051,0],[0,0,0]]
3:3:4:3167:1:0:1:0.000088:[[0,0,0],[0,0,0],[0,0,0]]
3:3:4:3169:1:0:1:0.000096:[[110,0,0],[0,98,0],[0,0,110]]
3:3:4:3181:1:0:1:0.000082:[[68,0,0],[0,3087,0],[0,0,68]]
3:3:4:3187:1:0:1:0.000101:[[0,0,0],[0,80,0],[0,0,0]]
3:3:4:3191:1:0:1:0.000119:[[0,0,0],[0,0,0],[0,0,0]]
3:3:4:3203:1:0:1:0.000090:[[0,0,0],[0,0,0],[0,0,0]]
3:3:4:3209:1:0:1:0.000108:[[0,0,3063],[0,0,0],[73,0,0]]
3:3:4:3217:1:0:1:0.000106:[[3105,0,0],[0,110,0],[0,0,3105]]
3:3:4:3221:1:0:1:0.000095:[[0,0,82],[0,0,0],[3180,0,0]]
3:3:4:3229:1:0:1:0.000121:[[3129,0,0],[0,3183,0],[0,0,3129]]
3:3:4:3251:1:0:1:0.000091:[[0,0,0],[0,0,0],[0,0,0]]
3:3:4:3253:1:0:1:0.000108:[[3249,0,0],[0,3183,0],[0,0,3249]]
3:3:4:3257:1:0:1:0.000111:[[0,0,3123],[0,0,0],[67,0,0]]
3:3:4:3259:1:0:1:0.000090:[[0,0,0],[0,3171,0],[0,0,0]]
3:3:4:3271:1:0:1:0.000104:[[0,0,0],[0,3267,0],[0,0,0]]
3:3:4:3299:1:0:1:0.000101:[[0,0,0],[0,0,0],[0,0,0]]
3:3:4:3301:1:0:1:0.000089:[[98,0,0],[0,86,0],[0,0,98]]
3:3:4:3307:1:0:1:0.000105:[[0,0,0],[0,56,0],[0,0,0]]
3:3:4:3313:1:0:1:0.000122:[[3297,0,0],[0,62,0],[0,0,3297]]
3:3:4:3319:1:0:1:0.000100:[[0,0,0],[0,3243,0],[0,0,0]]
3:3:4:3323:1:0:1:0.000092:[[0,0,0],[0,0,0],[0,0,0]]
3:3:4:3329:1:0:1:0.000124:[[0,0,154],[0,0,0],[3252,0,0]]
3:3:4:3331:1:0:1:0.000125:[[0,0,0],[0,3315,0],[0,0,0]]
3:3:4:3343:1:0:1:0.000104:[[0,0,0],[0,68,0],[0,0,0]]
3:3:4:3347:1:0:1:0.000101:[[0,0,0],[0,0,0],[0,0,0]]
3:3:4:3359:1:0:1:0.000125:[[0,0,0],[0,0,0],[0,0,0]]
3:3:4:3361:1:0:1:0.000094:[[3249,0,0],[0,3327,0],[0,0,3249]]
3:3:4:3371:1:0:1:0.000095:[[0,0,0],[0,0,0],[0,0,0]]
3:3:4:3373:1:0:1:0.000087:[[116,0,0],[0,98,0],[0,0,116]]
3:3:4:3389:1:0:1:0.000113:[[0,0,106],[0,0,0],[3336,0,0]]
3:3:4:3391:1:0:1:0.000124:[[0,0,0],[0,116,0],[0,0,0]]
3:3:4:3407:1:0:1:0.000099:[[0,0,0],[0,0,0],[0,0,0]]
3:3:4:3413:1:0:1:0.000114:[[0,0,130],[0,0,0],[3348,0,0]]
3:3:4:3433:1:0:1:0.000096:[[104,0,0],[0,38,0],[0,0,104]]
3:3:4:3449:1:0:1:0.000128:[[0,0,166],[0,0,0],[3366,0,0]]
3:3:4:3457:1:0:1:0.000097:[[3369,0,0],[0,110,0],[0,0,3369]]
3:3:4:3461:1:0:1:0.000102:[[0,0,3423],[0,0,0],[19,0,0]]
3:3:4:3463:1:0:1:0.000096:[[0,0,0],[0,3435,0],[0,0,0]]
3:3:4:3467:1:0:1:0.000130:[[0,0,0],[0,0,0],[0,0,0]]
3:3:4:3469:1:0:1:0.000111:[[3393,0,0],[0,2,0],[0,0,3393]]
3:3:4:3491:1:0:1:0.000111:[[0,0,0],[0,0,0],[0,0,0]]
3:3:4:3499:1:0:1:0.000104:[[0,0,0],[0,3387,0],[0,0,0]]
3:3:4:3511:1:0:1:0.000122:[[0,0,0],[0,116,0],[0,0,0]]
3:3:4:3517:1:0:1:0.000108:[[3399,0,0],[0,14,0],[0,0,3399]]
3:3:4:3527:1:0:1:0.000098:[[0,0,0],[0,0,0],[0,0,0]]
3:3:4:3529:1:0:1:0.000102:[[3459,0,0],[0,3411,0],[0,0,3459]]
3:3:4:3533:1:0:1:0.000108:[[0,0,142],[0,0,0],[3462,0,0]]
3:3:4:3539:1:0:1:0.000132:[[0,0,0],[0,0,0],[0,0,0]]
3:3:4:3541:1:0:1:0.000116:[[50,0,0],[0,3483,0],[0,0,50]]
3:3:4:3547:1:0:1:0.000110:[[0,0,0],[0,3483,0],[0,0,0]]
3:3:4:3557:1:0:1:0.000098:[[0,0,166],[0,0,0],[3474,0,0]]
3:3:4:3559:1:0:1:0.000100:[[0,0,0],[0,3507,0],[0,0,0]]
3:3:4:3571:1:0:1:0.000116:[[0,0,0],[0,104,0],[0,0,0]]
3:3:4:3581:1:0:1:0.000132:[[0,0,3483],[0,0,0],[49,0,0]]
3:3:4:3583:1:0:1:0.000112:[[0,0,0],[0,3483,0],[0,0,0]]
3:3:4:3593:1:0:1:0.000110:[[0,0,3543],[0,0,0],[25,0,0]]
3:3:4:3607:1:0:1:0.000100:[[0,0,0],[0,116,0],[0,0,0]]
3:3:4:3613:1:0:1:0.000100:[[86,0,0],[0,110,0],[0,0,86]]
3:3:4:3617:1:0:1:0.000095:[[0,0,3447],[0,0,0],[85,0,0]]
3:3:4:3623:1:0:1:0.000134:[[0,0,0],[0,0,0],[0,0,0]]
3:3:4:3631:1:0:1:0.000100:[[0,0,0],[0,3555,0],[0,0,0]]
3:3:4:3637:1:0:1:0.000111:[[92,0,0],[0,26,0],[0,0,92]]
3:3:4:3643:1:0:1:0.000110:[[0,0,0],[0,3531,0],[0,0,0]]
3:3:4:3659:1:0:1:0.000121:[[0,0,0],[0,0,0],[0,0,0]]
3:3:4:3671:1:0:1:0.000102:[[0,0,0],[0,0,0],[0,0,0]]
3:3:4:3673:1:0:1:0.000113:[[74,0,0],[0,3555,0],[0,0,74]]
3:3:4:3677:1:0:1:0.000095:[[0,0,3531],[0,0,0],[73,0,0]]
3:3:4:3691:1:0:1:0.000108:[[0,0,0],[0,8,0],[0,0,0]]
3:3:4:3697:1:0:1:0.000131:[[98,0,0],[0,50,0],[0,0,98]]
3:3:4:3701:1:0:1:0.000102:[[0,0,58],[0,0,0],[3672,0,0]]
3:3:4:3709:1:0:1:0.000116:[[3603,0,0],[0,3627,0],[0,0,3603]]
3:3:4:3719:1:0:1:0.000124:[[0,0,0],[0,0,0],[0,0,0]]
3:3:4:3727:1:0:1:0.000115:[[0,0,0],[0,116,0],[0,0,0]]
3:3:4:3733:1:0:1:0.000104:[[44,0,0],[0,122,0],[0,0,44]]
3:3:4:3739:1:0:1:0.000111:[[0,0,0],[0,3723,0],[0,0,0]]
3:3:4:3761:1:0:1:0.000104:[[0,0,3699],[0,0,0],[31,0,0]]
3:3:4:3767:1:0:1:0.000140:[[0,0,0],[0,0,0],[0,0,0]]
3:3:4:3769:1:0:1:0.000107:[[26,0,0],[0,122,0],[0,0,26]]
3:3:4:3779:1:0:1:0.000105:[[0,0,0],[0,0,0],[0,0,0]]
3:3:4:3793:1:0:1:0.000114:[[104,0,0],[0,110,0],[0,0,104]]
3:3:4:3797:1:0:1:0.000098:[[0,0,10],[0,0,0],[3792,0,0]]
3:3:4:3803:1:0:1:0.000084:[[0,0,0],[0,0,0],[0,0,0]]
3:3:4:3821:1:0:1:0.000140:[[0,0,142],[0,0,0],[3750,0,0]]
3:3:4:3823:1:0:1:0.000102:[[0,0,0],[0,3723,0],[0,0,0]]
3:3:4:3833:1:0:1:0.000092:[[0,0,3663],[0,0,0],[85,0,0]]
3:3:4:3847:1:0:1:0.000092:[[0,0,0],[0,3723,0],[0,0,0]]
3:3:4:3851:1:0:1:0.000107:[[0,0,0],[0,0,0],[0,0,0]]
3:3:4:3853:1:0:1:0.000121:[[3729,0,0],[0,98,0],[0,0,3729]]
3:3:4:3863:1:0:1:0.000098:[[0,0,0],[0,0,0],[0,0,0]]
3:3:4:3877:1:0:1:0.000110:[[62,0,0],[0,86,0],[0,0,62]]
3:3:4:3881:1:0:1:0.000115:[[0,0,3723],[0,0,0],[79,0,0]]
3:3:4:3889:1:0:1:0.000105:[[3855,0,0],[0,2,0],[0,0,3855]]
3:3:4:3907:1:0:1:0.000124:[[0,0,0],[0,3843,0],[0,0,0]]
3:3:4:3911:1:0:1:0.000118:[[0,0,0],[0,0,0],[0,0,0]]
3:3:4:3917:1:0:1:0.000107:[[0,0,94],[0,0,0],[3870,0,0]]
3:3:4:3919:1:0:1:0.000144:[[0,0,0],[0,3795,0],[0,0,0]]
3:3:4:3923:1:0:1:0.000118:[[0,0,0],[0,0,0],[0,0,0]]
3:3:4:3929:1:0:1:0.000106:[[0,0,34],[0,0,0],[3912,0,0]]
3:3:4:3931:1:0:1:0.000116:[[0,0,0],[0,32,0],[0,0,0]]
3:3:4:3943:1:0:1:0.000146:[[0,0,0],[0,3891,0],[0,0,0]]
3:3:4:3947:1:0:1:0.000109:[[0,0,0],[0,0,0],[0,0,0]]
3:3:4:3967:1:0:1:0.000120:[[0,0,0],[0,3891,0],[0,0,0]]
3:3:4:3989:1:0:1:0.000146:[[0,0,166],[0,0,0],[3906,0,0]]
3:3:4:4001:1:0:1:0.000120:[[0,0,178],[0,0,0],[3912,0,0]]
3:3:4:4003:1:0:1:0.000110:[[0,0,0],[0,3891,0],[0,0,0]]
3:3:4:4007:1:0:1:0.000147:[[0,0,0],[0,0,0],[0,0,0]]
3:3:4:4013:1:0:1:0.000122:[[0,0,3915],[0,0,0],[49,0,0]]
3:3:4:4019:1:0:1:0.000116:[[0,0,0],[0,0,0],[0,0,0]]
3:3:4:4021:1:0:1:0.000133:[[3921,0,0],[0,122,0],[0,0,3921]]
3:3:4:4027:1:0:1:0.000117:[[0,0,0],[0,104,0],[0,0,0]]
3:3:4:4049:1:0:1:0.000139:[[0,0,46],[0,0,0],[4026,0,0]]
3:3:4:4051:1:0:1:0.000131:[[0,0,0],[0,56,0],[0,0,0]]
3:3:4:4057:1:0:1:0.000147:[[3939,0,0],[0,26,0],[0,0,3939]]
3:3:4:4073:1:0:1:0.000130:[[0,0,178],[0,0,0],[3984,0,0]]
3:3:4:4079:1:0:1:0.000134:[[0,0,0],[0,0,0],[0,0,0]]
3:3:4:4091:1:0:1:0.000136:[[0,0,0],[0,0,0],[0,0,0]]
3:3:4:4093:1:0:1:0.000124:[[116,0,0],[0,50,0],[0,0,116]]
3:3:4:4099:1:0:1:0.000132:[[0,0,0],[0,128,0],[0,0,0]]
3:3:4:4111:1:0:1:0.000131:[[0,0,0],[0,4107,0],[0,0,0]]
3:3:4:4127:1:0:1:0.000136:[[0,0,0],[0,0,0],[0,0,0]]
3:3:4:4129:1:0:1:0.000153:[[4083,0,0],[0,98,0],[0,0,4083]]
3:3:4:4133:1:0:1:0.000122:[[0,0,3975],[0,0,0],[79,0,0]]
3:3:4:4139:1:0:1:0.000125:[[0,0,0],[0,0,0],[0,0,0]]
3:3:4:4153:1:0:1:0.000153:[[86,0,0],[0,122,0],[0,0,86]]
3:3:4:4157:1:0:1:0.000115:[[0,0,3987],[0,0,0],[85,0,0]]
3:3:4:4159:1:0:1:0.000114:[[0,0,0],[0,44,0],[0,0,0]]
3:3:4:4177:1:0:1:0.000155:[[128,0,0],[0,4143,0],[0,0,128]]
3:3:4:4201:1:0:1:0.000127:[[80,0,0],[0,86,0],[0,0,80]]
3:3:4:4211:1:0:1:0.000120:[[0,0,0],[0,0,0],[0,0,0]]
3:3:4:4217:1:0:1:0.000125:[[0,0,106],[0,0,0],[4164,0,0]]
3:3:4:4219:1:0:1:0.000156:[[0,0,0],[0,4107,0],[0,0,0]]
3:3:4:4229:1:0:1:0.000173:[[0,0,4095],[0,0,0],[67,0,0]]
3:3:4:4231:1:0:1:0.000127:[[0,0,0],[0,116,0],[0,0,0]]
3:3:4:4241:1:0:1:0.000157:[[0,0,4119],[0,0,0],[61,0,0]]
3:3:4:4243:1:0:1:0.000141:[[0,0,0],[0,128,0],[0,0,0]]
3:3:4:4253:1:0:1:0.000115:[[0,0,4071],[0,0,0],[91,0,0]]
3:3:4:4259:1:0:1:0.000128:[[0,0,0],[0,0,0],[0,0,0]]
3:3:4:4261:1:0:1:0.000139:[[4131,0,0],[0,4155,0],[0,0,4131]]
3:3:4:4271:1:0:1:0.000127:[[0,0,0],[0,0,0],[0,0,0]]
3:3:4:4273:1:0:1:0.000110:[[4209,0,0],[0,4143,0],[0,0,4209]]
3:3:4:4283:1:0:1:0.000129:[[0,0,0],[0,0,0],[0,0,0]]
3:3:4:4289:1:0:1:0.000127:[[0,0,4143],[0,0,0],[73,0,0]]
3:3:4:4297:1:0:1:0.000139:[[122,0,0],[0,4227,0],[0,0,122]]
3:3:4:4327:1:0:1:0.000128:[[0,0,0],[0,4251,0],[0,0,0]]
3:3:4:4337:1:0:1:0.000121:[[0,0,10],[0,0,0],[4332,0,0]]
3:3:4:4339:1:0:1:0.000127:[[0,0,0],[0,128,0],[0,0,0]]
3:3:4:4349:1:0:1:0.000118:[[0,0,4335],[0,0,0],[7,0,0]]
3:3:4:4357:1:0:1:0.000133:[[2,0,0],[0,4347,0],[0,0,2]]
3:3:4:4363:1:0:1:0.000118:[[0,0,0],[0,32,0],[0,0,0]]
3:3:4:4373:1:0:1:0.000145:[[0,0,4203],[0,0,0],[85,0,0]]
3:3:4:4391:1:0:1:0.000134:[[0,0,0],[0,0,0],[0,0,0]]
3:3:4:4397:1:0:1:0.000142:[[0,0,70],[0,0,0],[4362,0,0]]
3:3:4:4409:1:0:1:0.000133:[[0,0,4383],[0,0,0],[13,0,0]]
3:3:4:4421:1:0:1:0.000113:[[0,0,4263],[0,0,0],[79,0,0]]
3:3:4:4423:1:0:1:0.000134:[[0,0,0],[0,68,0],[0,0,0]]
3:3:4:4441:1:0:1:0.000164:[[4383,0,0],[0,74,0],[0,0,4383]]
3:3:4:4447:1:0:1:0.000166:[[0,0,0],[0,116,0],[0,0,0]]
3:3:4:4451:1:0:1:0.000163:[[0,0,0],[0,0,0],[0,0,0]]
3:3:4:4457:1:0:1:0.000134:[[0,0,166],[0,0,0],[4374,0,0]]
3:3:4:4463:1:0:1:0.000165:[[0,0,0],[0,0,0],[0,0,0]]
3:3:4:4481:1:0:1:0.000165:[[0,0,4383],[0,0,0],[49,0,0]]
3:3:4:4483:1:0:1:0.000124:[[0,0,0],[0,80,0],[0,0,0]]
3:3:4:4493:1:0:1:0.000166:[[0,0,130],[0,0,0],[4428,0,0]]
3:3:4:4507:1:0:1:0.000139:[[0,0,0],[0,4467,0],[0,0,0]]
3:3:4:4513:1:0:1:0.000142:[[4419,0,0],[0,50,0],[0,0,4419]]
3:3:4:4517:1:0:1:0.000148:[[0,0,190],[0,0,0],[4422,0,0]]
3:3:4:4519:1:0:1:0.000150:[[0,0,0],[0,4395,0],[0,0,0]]
3:3:4:4523:1:0:1:0.000133:[[0,0,0],[0,0,0],[0,0,0]]
3:3:4:4547:1:0:1:0.000138:[[0,0,0],[0,0,0],[0,0,0]]
3:3:4:4549:1:0:1:0.000147:[[4419,0,0],[0,86,0],[0,0,4419]]
3:3:4:4561:1:0:1:0.000149:[[62,0,0],[0,4467,0],[0,0,62]]
3:3:4:4567:1:0:1:0.000115:[[0,0,0],[0,4563,0],[0,0,0]]
3:3:4:4583:1:0:1:0.000137:[[0,0,0],[0,0,0],[0,0,0]]
3:3:4:4591:1:0:1:0.000138:[[0,0,0],[0,44,0],[0,0,0]]
3:3:4:4597:1:0:1:0.000152:[[4515,0,0],[0,134,0],[0,0,4515]]
3:3:4:4603:1:0:1:0.000137:[[0,0,0],[0,128,0],[0,0,0]]
3:3:4:4621:1:0:1:0.000170:[[122,0,0],[0,4587,0],[0,0,122]]
3:3:4:4637:1:0:1:0.000139:[[0,0,4587],[0,0,0],[25,0,0]]
3:3:4:4639:1:0:1:0.000139:[[0,0,0],[0,92,0],[0,0,0]]
3:3:4:4643:1:0:1:0.000154:[[0,0,0],[0,0,0],[0,0,0]]
3:3:4:4649:1:0:1:0.000184:[[0,0,4503],[0,0,0],[73,0,0]]
3:3:4:4651:1:0:1:0.000140:[[0,0,0],[0,4515,0],[0,0,0]]
3:3:4:4657:1:0:1:0.000112:[[4545,0,0],[0,4527,0],[0,0,4545]]
3:3:4:4663:1:0:1:0.000119:[[0,0,0],[0,20,0],[0,0,0]]
3:3:4:4673:1:0:1:0.000173:[[0,0,4551],[0,0,0],[61,0,0]]
3:3:4:4679:1:0:1:0.000139:[[0,0,0],[0,0,0],[0,0,0]]
3:3:4:4691:1:0:1:0.000129:[[0,0,0],[0,0,0],[0,0,0]]
3:3:4:4703:1:0:1:0.000113:[[0,0,0],[0,0,0],[0,0,0]]
3:3:4:4721:1:0:1:0.000120:[[0,0,178],[0,0,0],[4632,0,0]]
3:3:4:4723:1:0:1:0.000141:[[0,0,0],[0,4611,0],[0,0,0]]
3:3:4:4729:1:0:1:0.000158:[[104,0,0],[0,4671,0],[0,0,104]]
3:3:4:4733:1:0:1:0.000132:[[0,0,190],[0,0,0],[4638,0,0]]
3:3:4:4751:1:0:1:0.000175:[[0,0,0],[0,0,0],[0,0,0]]
3:3:4:4759:1:0:1:0.000170:[[0,0,0],[0,4731,0],[0,0,0]]
3:3:4:4783:1:0:1:0.000122:[[0,0,0],[0,4731,0],[0,0,0]]
3:3:4:4787:1:0:1:0.000143:[[0,0,0],[0,0,0],[0,0,0]]
3:3:4:4789:1:0:1:0.000177:[[110,0,0],[0,134,0],[0,0,110]]
3:3:4:4793:1:0:1:0.000141:[[0,0,4683],[0,0,0],[55,0,0]]
3:3:4:4799:1:0:1:0.000129:[[0,0,0],[0,0,0],[0,0,0]]
3:3:4:4801:1:0:1:0.000144:[[4671,0,0],[0,2,0],[0,0,4671]]
3:3:4:4813:1:0:1:0.000176:[[134,0,0],[0,4683,0],[0,0,134]]
3:3:4:4817:1:0:1:0.000137:[[0,0,4623],[0,0,0],[97,0,0]]
3:3:4:4831:1:0:1:0.000144:[[0,0,0],[0,68,0],[0,0,0]]
3:3:4:4861:1:0:1:0.000180:[[20,0,0],[0,4815,0],[0,0,20]]
3:3:4:4871:1:0:1:0.000175:[[0,0,0],[0,0,0],[0,0,0]]
3:3:4:4877:1:0:1:0.000147:[[0,0,190],[0,0,0],[4782,0,0]]
3:3:4:4889:1:0:1:0.000163:[[0,0,94],[0,0,0],[4842,0,0]]
3:3:4:4903:1:0:1:0.000124:[[0,0,0],[0,140,0],[0,0,0]]
3:3:4:4909:1:0:1:0.000169:[[140,0,0],[0,4815,0],[0,0,140]]
3:3:4:4919:1:0:1:0.000146:[[0,0,0],[0,0,0],[0,0,0]]
3:3:4:4931:1:0:1:0.000146:[[0,0,0],[0,0,0],[0,0,0]]
3:3:4:4933:1:0:1:0.000150:[[4809,0,0],[0,4815,0],[0,0,4809]]
3:3:4:4937:1:0:1:0.000147:[[0,0,70],[0,0,0],[4902,0,0]]
3:3:4:4943:1:0:1:0.000165:[[0,0,0],[0,0,0],[0,0,0]]
3:3:4:4951:1:0:1:0.000136:[[0,0,0],[0,116,0],[0,0,0]]
3:3:4:4957:1:0:1:0.000144:[[4929,0,0],[0,50,0],[0,0,4929]]
3:3:4:4967:1:0:1:0.000183:[[0,0,0],[0,0,0],[0,0,0]]
3:3:4:4969:1:0:1:0.000148:[[74,0,0],[0,26,0],[0,0,74]]
3:3:4:4973:1:0:1:0.000135:[[0,0,178],[0,0,0],[4884,0,0]]
3:3:4:4987:1:0:1:0.000135:[[0,0,0],[0,4851,0],[0,0,0]]
3:3:4:4993:1:0:1:0.000127:[[4929,0,0],[0,4863,0],[0,0,4929]]
3:3:4:4999:1:0:1:0.000127:[[0,0,0],[0,92,0],[0,0,0]]
3:3:4:5003:1:0:1:0.000151:[[0,0,0],[0,0,0],[0,0,0]]
3:3:4:5009:1:0:1:0.000137:[[0,0,4935],[0,0,0],[37,0,0]]
3:3:4:5011:1:0:1:0.000185:[[0,0,0],[0,4899,0],[0,0,0]]
3:3:4:5021:1:0:1:0.000164:[[0,0,118],[0,0,0],[4962,0,0]]
3:3:4:5023:1:0:1:0.000187:[[0,0,0],[0,4923,0],[0,0,0]]
3:3:4:5039:1:0:1:0.000168:[[0,0,0],[0,0,0],[0,0,0]]
3:3:4:5051:1:0:1:0.000149:[[0,0,0],[0,0,0],[0,0,0]]
3:3:4:5059:1:0:1:0.000151:[[0,0,0],[0,8,0],[0,0,0]]
3:3:4:5077:1:0:1:0.000139:[[4935,0,0],[0,134,0],[0,0,4935]]
3:3:4:5081:1:0:1:0.000156:[[0,0,5043],[0,0,0],[19,0,0]]
3:3:4:5087:1:0:1:0.000136:[[0,0,0],[0,0,0],[0,0,0]]
3:3:4:5099:1:0:1:0.000140:[[0,0,0],[0,0,0],[0,0,0]]
3:3:4:5101:1:0:1:0.000152:[[5001,0,0],[0,98,0],[0,0,5001]]
3:3:4:5107:1:0:1:0.000128:[[0,0,0],[0,5091,0],[0,0,0]]
3:3:4:5113:1:0:1:0.000130:[[5007,0,0],[0,5043,0],[0,0,5007]]
3:3:4:5119:1:0:1:0.000157:[[0,0,0],[0,5043,0],[0,0,0]]
3:3:4:5147:1:0:1:0.000158:[[0,0,0],[0,0,0],[0,0,0]]
3:3:4:5153:1:0:1:0.000183:[[0,0,4971],[0,0,0],[91,0,0]]
3:3:4:5167:1:0:1:0.000152:[[0,0,0],[0,5043,0],[0,0,0]]
3:3:4:5171:1:0:1:0.000162:[[0,0,0],[0,0,0],[0,0,0]]
3:3:4:5179:1:0:1:0.000156:[[0,0,0],[0,128,0],[0,0,0]]
3:3:4:5189:1:0:1:0.000146:[[0,0,106],[0,0,0],[5136,0,0]]
3:3:4:5197:1:0:1:0.000176:[[5139,0,0],[0,5067,0],[0,0,5139]]
3:3:4:5209:1:0:1:0.000158:[[5199,0,0],[0,5091,0],[0,0,5199]]
3:3:4:5227:1:0:1:0.000193:[[0,0,0],[0,104,0],[0,0,0]]
3:3:4:5231:1:0:1:0.000144:[[0,0,0],[0,0,0],[0,0,0]]
3:3:4:5233:1:0:1:0.000193:[[14,0,0],[0,5091,0],[0,0,14]]
3:3:4:5237:1:0:1:0.000168:[[0,0,5067],[0,0,0],[85,0,0]]
3:3:4:5261:1:0:1:0.000174:[[0,0,178],[0,0,0],[5172,0,0]]
3:3:4:5273:1:0:1:0.000172:[[0,0,190],[0,0,0],[5178,0,0]]
3:3:4:5279:1:0:1:0.000162:[[0,0,0],[0,0,0],[0,0,0]]
3:3:4:5281:1:0:1:0.000159:[[5199,0,0],[0,5187,0],[0,0,5199]]
3:3:4:5297:1:0:1:0.000195:[[0,0,5187],[0,0,0],[55,0,0]]
3:3:4:5303:1:0:1:0.000139:[[0,0,0],[0,0,0],[0,0,0]]
3:3:4:5309:1:0:1:0.000165:[[0,0,5103],[0,0,0],[103,0,0]]
3:3:4:5323:1:0:1:0.000144:[[0,0,0],[0,5211,0],[0,0,0]]
3:3:4:5333:1:0:1:0.000125:[[0,0,142],[0,0,0],[5262,0,0]]
3:3:4:5347:1:0:1:0.000152:[[0,0,0],[0,56,0],[0,0,0]]
3:3:4:5351:1:0:1:0.000174:[[0,0,0],[0,0,0],[0,0,0]]
3:3:4:5381:1:0:1:0.000127:[[0,0,5319],[0,0,0],[31,0,0]]
3:3:4:5387:1:0:1:0.000158:[[0,0,0],[0,0,0],[0,0,0]]
3:3:4:5393:1:0:1:0.000148:[[0,0,130],[0,0,0],[5328,0,0]]
3:3:4:5399:1:0:1:0.000144:[[0,0,0],[0,0,0],[0,0,0]]
3:3:4:5407:1:0:1:0.000143:[[0,0,0],[0,140,0],[0,0,0]]
3:3:4:5413:1:0:1:0.000169:[[5337,0,0],[0,5391,0],[0,0,5337]]
3:3:4:5417:1:0:1:0.000137:[[0,0,5211],[0,0,0],[103,0,0]]
3:3:4:5419:1:0:1:0.000138:[[0,0,0],[0,128,0],[0,0,0]]
3:3:4:5431:1:0:1:0.000175:[[0,0,0],[0,5307,0],[0,0,0]]
3:3:4:5437:1:0:1:0.000163:[[5385,0,0],[0,146,0],[0,0,5385]]
3:3:4:5441:1:0:1:0.000179:[[0,0,5259],[0,0,0],[91,0,0]]
3:3:4:5443:1:0:1:0.000158:[[0,0,0],[0,5403,0],[0,0,0]]
3:3:4:5449:1:0:1:0.000163:[[86,0,0],[0,122,0],[0,0,86]]
3:3:4:5471:1:0:1:0.000184:[[0,0,0],[0,0,0],[0,0,0]]
3:3:4:5477:1:0:1:0.000166:[[0,0,5331],[0,0,0],[73,0,0]]
3:3:4:5479:1:0:1:0.000199:[[0,0,0],[0,5331,0],[0,0,0]]
3:3:4:5483:1:0:1:0.000164:[[0,0,0],[0,0,0],[0,0,0]]
3:3:4:5501:1:0:1:0.000149:[[0,0,5343],[0,0,0],[79,0,0]]
3:3:4:5503:1:0:1:0.000164:[[0,0,0],[0,5355,0],[0,0,0]]
3:3:4:5507:1:0:1:0.000200:[[0,0,0],[0,0,0],[0,0,0]]
3:3:4:5519:1:0:1:0.000166:[[0,0,0],[0,0,0],[0,0,0]]
3:3:4:5521:1:0:1:0.000167:[[5391,0,0],[0,146,0],[0,0,5391]]
3:3:4:5527:1:0:1:0.000160:[[0,0,0],[0,44,0],[0,0,0]]
3:3:4:5531:1:0:1:0.000138:[[0,0,0],[0,0,0],[0,0,0]]
3:3:4:5557:1:0:1:0.000166:[[5409,0,0],[0,5487,0],[0,0,5409]]
3:3:4:5563:1:0:1:0.000215:[[0,0,0],[0,8,0],[0,0,0]]
3:3:4:5569:1:0:1:0.000181:[[80,0,0],[0,5487,0],[0,0,80]]
3:3:4:5573:1:0:1:0.000183:[[0,0,22],[0,0,0],[5562,0,0]]
3:3:4:5581:1:0:1:0.000152:[[5511,0,0],[0,5547,0],[0,0,5511]]
3:3:4:5591:1:0:1:0.000166:[[0,0,0],[0,0,0],[0,0,0]]
3:3:4:5623:1:0:1:0.000167:[[0,0,0],[0,5475,0],[0,0,0]]
3:3:4:5639:1:0:1:0.000181:[[0,0,0],[0,0,0],[0,0,0]]
3:3:4:5641:1:0:1:0.000155:[[8,0,0],[0,5583,0],[0,0,8]]
3:3:4:5647:1:0:1:0.000168:[[0,0,0],[0,20,0],[0,0,0]]
3:3:4:5651:1:0:1:0.000163:[[0,0,0],[0,0,0],[0,0,0]]
3:3:4:5653:1:0:1:0.000153:[[146,0,0],[0,38,0],[0,0,146]]
3:3:4:5657:1:0:1:0.000186:[[0,0,34],[0,0,0],[5640,0,0]]
3:3:4:5659:1:0:1:0.000186:[[0,0,0],[0,5547,0],[0,0,0]]
3:3:4:5669:1:0:1:0.000153:[[0,0,5463],[0,0,0],[103,0,0]]
3:3:4:5683:1:0:1:0.000154:[[0,0,0],[0,128,0],[0,0,0]]
3:3:4:5689:1:0:1:0.000168:[[5673,0,0],[0,134,0],[0,0,5673]]
3:3:4:5693:1:0:1:0.000188:[[0,0,5655],[0,0,0],[19,0,0]]
3:3:4:5701:1:0:1:0.000154:[[5553,0,0],[0,74,0],[0,0,5553]]
3:3:4:5711:1:0:1:0.000188:[[0,0,0],[0,0,0],[0,0,0]]
3:3:4:5717:1:0:1:0.000158:[[0,0,5523],[0,0,0],[97,0,0]]
3:3:4:5737:1:0:1:0.000156:[[5625,0,0],[0,86,0],[0,0,5625]]
3:3:4:5741:1:0:1:0.000172:[[0,0,82],[0,0,0],[5700,0,0]]
3:3:4:5743:1:0:1:0.000168:[[0,0,0],[0,5715,0],[0,0,0]]
3:3:4:5749:1:0:1:0.000157:[[5649,0,0],[0,122,0],[0,0,5649]]
3:3:4:5779:1:0:1:0.000204:[[0,0,0],[0,152,0],[0,0,0]]
3:3:4:5783:1:0:1:0.000157:[[0,0,0],[0,0,0],[0,0,0]]
3:3:4:5791:1:0:1:0.000212:[[0,0,0],[0,92,0],[0,0,0]]
3:3:4:5801:1:0:1:0.000172:[[0,0,142],[0,0,0],[5730,0,0]]
3:3:4:5807:1:0:1:0.000174:[[0,0,0],[0,0,0],[0,0,0]]
3:3:4:5813:1:0:1:0.000146:[[0,0,190],[0,0,0],[5718,0,0]]
3:3:4:5821:1:0:1:0.000185:[[5793,0,0],[0,5775,0],[0,0,5793]]
3:3:4:5827:1:0:1:0.000172:[[0,0,0],[0,56,0],[0,0,0]]
3:3:4:5839:1:0:1:0.000160:[[0,0,0],[0,5691,0],[0,0,0]]
3:3:4:5843:1:0:1:0.000172:[[0,0,0],[0,0,0],[0,0,0]]
3:3:4:5849:1:0:1:0.000158:[[0,0,5643],[0,0,0],[103,0,0]]
3:3:4:5851:1:0:1:0.000160:[[0,0,0],[0,152,0],[0,0,0]]
3:3:4:5857:1:0:1:0.000193:[[152,0,0],[0,14,0],[0,0,152]]
3:3:4:5861:1:0:1:0.000169:[[0,0,202],[0,0,0],[5760,0,0]]
3:3:4:5867:1:0:1:0.000158:[[0,0,0],[0,0,0],[0,0,0]]
3:3:4:5869:1:0:1:0.000181:[[5745,0,0],[0,98,0],[0,0,5745]]
3:3:4:5879:1:0:1:0.000175:[[0,0,0],[0,0,0],[0,0,0]]
3:3:4:5881:1:0:1:0.000192:[[32,0,0],[0,5775,0],[0,0,32]]
3:3:4:5897:1:0:1:0.000176:[[0,0,130],[0,0,0],[5832,0,0]]
3:3:4:5903:1:0:1:0.000161:[[0,0,0],[0,0,0],[0,0,0]]
3:3:4:5923:1:0:1:0.000162:[[0,0,0],[0,152,0],[0,0,0]]
3:3:4:5927:1:0:1:0.000214:[[0,0,0],[0,0,0],[0,0,0]]
3:3:4:5939:1:0:1:0.000176:[[0,0,0],[0,0,0],[0,0,0]]
3:3:4:5953:1:0:1:0.000197:[[104,0,0],[0,5823,0],[0,0,104]]
3:3:4:5981:1:0:1:0.000168:[[0,0,5763],[0,0,0],[109,0,0]]
3:3:4:5987:1:0:1:0.000162:[[0,0,0],[0,0,0],[0,0,0]]
3:3:4:6007:1:0:1:0.000212:[[0,0,0],[0,5931,0],[0,0,0]]
3:3:4:6011:1:0:1:0.000160:[[0,0,0],[0,0,0],[0,0,0]]
3:3:4:6029:1:0:1:0.000153:[[0,0,5895],[0,0,0],[67,0,0]]
3:3:4:6037:1:0:1:0.000181:[[5955,0,0],[0,5883,0],[0,0,5955]]
3:3:4:6043:1:0:1:0.000180:[[0,0,0],[0,5955,0],[0,0,0]]
3:3:4:6047:1:0:1:0.000153:[[0,0,0],[0,0,0],[0,0,0]]
3:3:4:6053:1:0:1:0.000222:[[0,0,5835],[0,0,0],[109,0,0]]
3:3:4:6067:1:0:1:0.000188:[[0,0,0],[0,6003,0],[0,0,0]]
3:3:4:6073:1:0:1:0.000165:[[5919,0,0],[0,122,0],[0,0,5919]]
3:3:4:6079:1:0:1:0.000224:[[0,0,0],[0,6075,0],[0,0,0]]
3:3:4:6089:1:0:1:0.000169:[[0,0,214],[0,0,0],[5982,0,0]]
3:3:4:6091:1:0:1:0.000165:[[0,0,0],[0,8,0],[0,0,0]]
3:3:4:6101:1:0:1:0.000216:[[0,0,6003],[0,0,0],[49,0,0]]
3:3:4:6113:1:0:1:0.000182:[[0,0,202],[0,0,0],[6012,0,0]]
3:3:4:6121:1:0:1:0.000166:[[128,0,0],[0,5967,0],[0,0,128]]
3:3:4:6131:1:0:1:0.000225:[[0,0,0],[0,0,0],[0,0,0]]
3:3:4:6133:1:0:1:0.000167:[[14,0,0],[0,6075,0],[0,0,14]]
3:3:4:6143:1:0:1:0.000229:[[0,0,0],[0,0,0],[0,0,0]]
3:3:4:6151:1:0:1:0.000197:[[0,0,0],[0,6003,0],[0,0,0]]
3:3:4:6163:1:0:1:0.000166:[[0,0,0],[0,80,0],[0,0,0]]
3:3:4:6173:1:0:1:0.000226:[[0,0,10],[0,0,0],[6168,0,0]]
3:3:4:6197:1:0:1:0.000183:[[0,0,6123],[0,0,0],[37,0,0]]
3:3:4:6199:1:0:1:0.000173:[[0,0,0],[0,68,0],[0,0,0]]
3:3:4:6203:1:0:1:0.000204:[[0,0,0],[0,0,0],[0,0,0]]
3:3:4:6211:1:0:1:0.000197:[[0,0,0],[0,6075,0],[0,0,0]]
3:3:4:6217:1:0:1:0.000169:[[152,0,0],[0,134,0],[0,0,152]]
3:3:4:6221:1:0:1:0.000157:[[0,0,22],[0,0,0],[6210,0,0]]
3:3:4:6229:1:0:1:0.000193:[[146,0,0],[0,6075,0],[0,0,146]]
3:3:4:6247:1:0:1:0.000170:[[0,0,0],[0,116,0],[0,0,0]]
3:3:4:6257:1:0:1:0.000169:[[0,0,166],[0,0,0],[6174,0,0]]
3:3:4:6263:1:0:1:0.000230:[[0,0,0],[0,0,0],[0,0,0]]
3:3:4:6269:1:0:1:0.000171:[[0,0,214],[0,0,0],[6162,0,0]]
3:3:4:6271:1:0:1:0.000206:[[0,0,0],[0,6243,0],[0,0,0]]
3:3:4:6277:1:0:1:0.000178:[[158,0,0],[0,6171,0],[0,0,158]]
3:3:4:6287:1:0:1:0.000167:[[0,0,0],[0,0,0],[0,0,0]]
3:3:4:6299:1:0:1:0.000233:[[0,0,0],[0,0,0],[0,0,0]]
3:3:4:6301:1:0:1:0.000172:[[6249,0,0],[0,146,0],[0,0,6249]]
3:3:4:6311:1:0:1:0.000170:[[0,0,0],[0,0,0],[0,0,0]]
3:3:4:6317:1:0:1:0.000184:[[0,0,6111],[0,0,0],[103,0,0]]
3:3:4:6323:1:0:1:0.000201:[[0,0,0],[0,0,0],[0,0,0]]
3:3:4:6329:1:0:1:0.000188:[[0,0,6135],[0,0,0],[97,0,0]]
3:3:4:6337:1:0:1:0.000232:[[6195,0,0],[0,6291,0],[0,0,6195]]
3:3:4:6343:1:0:1:0.000181:[[0,0,0],[0,6195,0],[0,0,0]]
3:3:4:6353:1:0:1:0.000189:[[0,0,82],[0,0,0],[6312,0,0]]
3:3:4:6359:1:0:1:0.000172:[[0,0,0],[0,0,0],[0,0,0]]
3:3:4:6361:1:0:1:0.000209:[[80,0,0],[0,6207,0],[0,0,80]]
3:3:4:6367:1:0:1:0.000208:[[0,0,0],[0,6243,0],[0,0,0]]
3:3:4:6373:1:0:1:0.000212:[[6339,0,0],[0,6363,0],[0,0,6339]]
3:3:4:6379:1:0:1:0.000174:[[0,0,0],[0,104,0],[0,0,0]]
3:3:4:6389:1:0:1:0.000207:[[0,0,226],[0,0,0],[6276,0,0]]
3:3:4:6397:1:0:1:0.000183:[[6279,0,0],[0,14,0],[0,0,6279]]
3:3:4:6421:1:0:1:0.000176:[[140,0,0],[0,122,0],[0,0,140]]
3:3:4:6427:1:0:1:0.000184:[[0,0,0],[0,6267,0],[0,0,0]]
3:3:4:6449:1:0:1:0.000211:[[0,0,6303],[0,0,0],[73,0,0]]
3:3:4:6451:1:0:1:0.000191:[[0,0,0],[0,152,0],[0,0,0]]
3:3:4:6469:1:0:1:0.000237:[[6369,0,0],[0,6447,0],[0,0,6369]]
3:3:4:6473:1:0:1:0.000177:[[0,0,6423],[0,0,0],[25,0,0]]
3:3:4:6481:1:0:1:0.000177:[[6321,0,0],[0,6399,0],[0,0,6321]]
3:3:4:6491:1:0:1:0.000190:[[0,0,0],[0,0,0],[0,0,0]]
3:3:4:6521:1:0:1:0.000181:[[0,0,6339],[0,0,0],[91,0,0]]
3:3:4:6529:1:0:1:0.000163:[[6399,0,0],[0,146,0],[0,0,6399]]
3:3:4:6547:1:0:1:0.000240:[[0,0,0],[0,6387,0],[0,0,0]]
3:3:4:6551:1:0:1:0.000182:[[0,0,0],[0,0,0],[0,0,0]]
3:3:4:6553:1:0:1:0.000193:[[74,0,0],[0,6435,0],[0,0,74]]
3:3:4:6563:1:0:1:0.000240:[[0,0,0],[0,0,0],[0,0,0]]
3:3:4:6569:1:0:1:0.000179:[[0,0,6435],[0,0,0],[67,0,0]]
3:3:4:6571:1:0:1:0.000216:[[0,0,0],[0,6507,0],[0,0,0]]
3:3:4:6577:1:0:1:0.000187:[[8,0,0],[0,6447,0],[0,0,8]]
3:3:4:6581:1:0:1:0.000176:[[0,0,58],[0,0,0],[6552,0,0]]
3:3:4:6599:1:0:1:0.000239:[[0,0,0],[0,0,0],[0,0,0]]
3:3:4:6607:1:0:1:0.000187:[[0,0,0],[0,6507,0],[0,0,0]]
3:3:4:6619:1:0:1:0.000178:[[0,0,0],[0,128,0],[0,0,0]]
3:3:4:6637:1:0:1:0.000217:[[122,0,0],[0,6603,0],[0,0,122]]
3:3:4:6653:1:0:1:0.000178:[[0,0,6423],[0,0,0],[115,0,0]]
3:3:4:6659:1:0:1:0.000188:[[0,0,0],[0,0,0],[0,0,0]]
3:3:4:6661:1:0:1:0.000222:[[20,0,0],[0,74,0],[0,0,20]]
3:3:4:6673:1:0:1:0.000198:[[104,0,0],[0,158,0],[0,0,104]]
3:3:4:6679:1:0:1:0.000193:[[0,0,0],[0,92,0],[0,0,0]]
3:3:4:6689:1:0:1:0.000247:[[0,0,6495],[0,0,0],[97,0,0]]
3:3:4:6691:1:0:1:0.000178:[[0,0,0],[0,6675,0],[0,0,0]]
3:3:4:6701:1:0:1:0.000183:[[0,0,6483],[0,0,0],[109,0,0]]
3:3:4:6703:1:0:1:0.000190:[[0,0,0],[0,68,0],[0,0,0]]
3:3:4:6709:1:0:1:0.000183:[[50,0,0],[0,38,0],[0,0,50]]
3:3:4:6719:1:0:1:0.000202:[[0,0,0],[0,0,0],[0,0,0]]
3:3:4:6733:1:0:1:0.000246:[[164,0,0],[0,98,0],[0,0,164]]
3:3:4:6737:1:0:1:0.000182:[[0,0,214],[0,0,0],[6630,0,0]]
3:3:4:6761:1:0:1:0.000247:[[0,0,6639],[0,0,0],[61,0,0]]
3:3:4:6763:1:0:1:0.000186:[[0,0,0],[0,6603,0],[0,0,0]]
3:3:4:6779:1:0:1:0.000188:[[0,0,0],[0,0,0],[0,0,0]]
3:3:4:6781:1:0:1:0.000193:[[68,0,0],[0,146,0],[0,0,68]]
3:3:4:6791:1:0:1:0.000184:[[0,0,0],[0,0,0],[0,0,0]]
3:3:4:6793:1:0:1:0.000221:[[134,0,0],[0,122,0],[0,0,134]]
3:3:4:6803:1:0:1:0.000186:[[0,0,0],[0,0,0],[0,0,0]]
3:3:4:6823:1:0:1:0.000183:[[0,0,0],[0,6795,0],[0,0,0]]
3:3:4:6827:1:0:1:0.000251:[[0,0,0],[0,0,0],[0,0,0]]
3:3:4:6829:1:0:1:0.000187:[[6675,0,0],[0,158,0],[0,0,6675]]
3:3:4:6833:1:0:1:0.000224:[[0,0,6603],[0,0,0],[115,0,0]]
3:3:4:6841:1:0:1:0.000224:[[6681,0,0],[0,134,0],[0,0,6681]]
3:3:4:6857:1:0:1:0.000204:[[0,0,10],[0,0,0],[6852,0,0]]
3:3:4:6863:1:0:1:0.000224:[[0,0,0],[0,0,0],[0,0,0]]
3:3:4:6869:1:0:1:0.000243:[[0,0,6855],[0,0,0],[7,0,0]]
3:3:4:6871:1:0:1:0.000194:[[0,0,0],[0,164,0],[0,0,0]]
3:3:4:6883:1:0:1:0.000175:[[0,0,0],[0,32,0],[0,0,0]]
3:3:4:6899:1:0:1:0.000223:[[0,0,0],[0,0,0],[0,0,0]]
3:3:4:6907:1:0:1:0.000171:[[0,0,0],[0,6747,0],[0,0,0]]
3:3:4:6911:1:0:1:0.000203:[[0,0,0],[0,0,0],[0,0,0]]
3:3:4:6917:1:0:1:0.000254:[[0,0,106],[0,0,0],[6864,0,0]]
3:3:4:6947:1:0:1:0.000197:[[0,0,0],[0,0,0],[0,0,0]]
3:3:4:6949:1:0:1:0.000190:[[164,0,0],[0,6831,0],[0,0,164]]
3:3:4:6959:1:0:1:0.000219:[[0,0,0],[0,0,0],[0,0,0]]
3:3:4:6961:1:0:1:0.000206:[[6921,0,0],[0,14,0],[0,0,6921]]
3:3:4:6967:1:0:1:0.000229:[[0,0,0],[0,164,0],[0,0,0]]
3:3:4:6971:1:0:1:0.000204:[[0,0,0],[0,0,0],[0,0,0]]
3:3:4:6977:1:0:1:0.000189:[[0,0,6747],[0,0,0],[115,0,0]]
3:3:4:6983:1:0:1:0.000208:[[0,0,0],[0,0,0],[0,0,0]]
3:3:4:6991:1:0:1:0.000199:[[0,0,0],[0,6915,0],[0,0,0]]
3:3:4:6997:1:0:1:0.000176:[[6849,0,0],[0,6831,0],[0,0,6849]]
3:3:4:7001:1:0:1:0.000208:[[0,0,82],[0,0,0],[6960,0,0]]
3:3:4:7013:1:0:1:0.000217:[[0,0,130],[0,0,0],[6948,0,0]]
3:3:4:7019:1:0:1:0.000198:[[0,0,0],[0,0,0],[0,0,0]]
3:3:4:7027:1:0:1:0.000228:[[0,0,0],[0,6987,0],[0,0,0]]
3:3:4:7039:1:0:1:0.000231:[[0,0,0],[0,116,0],[0,0,0]]
3:3:4:7043:1:0:1:0.000201:[[0,0,0],[0,0,0],[0,0,0]]
3:3:4:7057:1:0:1:0.000190:[[2,0,0],[0,146,0],[0,0,2]]
3:3:4:7069:1:0:1:0.000212:[[6993,0,0],[0,6927,0],[0,0,6993]]
3:3:4:7079:1:0:1:0.000226:[[0,0,0],[0,0,0],[0,0,0]]
3:3:4:7103:1:0:1:0.000202:[[0,0,0],[0,0,0],[0,0,0]]
3:3:4:7109:1:0:1:0.000186:[[0,0,46],[0,0,0],[7086,0,0]]
3:3:4:7121:1:0:1:0.000218:[[0,0,238],[0,0,0],[7002,0,0]]
3:3:4:7127:1:0:1:0.000211:[[0,0,0],[0,0,0],[0,0,0]]
3:3:4:7129:1:0:1:0.000193:[[6969,0,0],[0,6975,0],[0,0,6969]]
3:3:4:7151:1:0:1:0.000234:[[0,0,0],[0,0,0],[0,0,0]]
3:3:4:7159:1:0:1:0.000189:[[0,0,0],[0,92,0],[0,0,0]]
3:3:4:7177:1:0:1:0.000197:[[7155,0,0],[0,74,0],[0,0,7155]]
3:3:4:7187:1:0:1:0.000264:[[0,0,0],[0,0,0],[0,0,0]]
3:3:4:7193:1:0:1:0.000211:[[0,0,238],[0,0,0],[7074,0,0]]
3:3:4:7207:1:0:1:0.000195:[[0,0,0],[0,7203,0],[0,0,0]]
3:3:4:7211:1:0:1:0.000214:[[0,0,0],[0,0,0],[0,0,0]]
3:3:4:7213:1:0:1:0.000180:[[7047,0,0],[0,158,0],[0,0,7047]]
3:3:4:7219:1:0:1:0.000223:[[0,0,0],[0,8,0],[0,0,0]]
3:3:4:7229:1:0:1:0.000195:[[0,0,166],[0,0,0],[7146,0,0]]
3:3:4:7237:1:0:1:0.000263:[[7185,0,0],[0,170,0],[0,0,7185]]
3:3:4:7243:1:0:1:0.000210:[[0,0,0],[0,7131,0],[0,0,0]]
3:3:4:7247:1:0:1:0.000214:[[0,0,0],[0,0,0],[0,0,0]]
3:3:4:7253:1:0:1:0.000225:[[0,0,118],[0,0,0],[7194,0,0]]
3:3:4:7283:1:0:1:0.000230:[[0,0,0],[0,0,0],[0,0,0]]
3:3:4:7297:1:0:1:0.000238:[[152,0,0],[0,7167,0],[0,0,152]]
3:3:4:7307:1:0:1:0.000186:[[0,0,0],[0,0,0],[0,0,0]]
3:3:4:7309:1:0:1:0.000215:[[7239,0,0],[0,62,0],[0,0,7239]]
3:3:4:7321:1:0:1:0.000186:[[122,0,0],[0,7155,0],[0,0,122]]
3:3:4:7331:1:0:1:0.000269:[[0,0,0],[0,0,0],[0,0,0]]
3:3:4:7333:1:0:1:0.000217:[[116,0,0],[0,170,0],[0,0,116]]
3:3:4:7349:1:0:1:0.000200:[[0,0,214],[0,0,0],[7242,0,0]]
3:3:4:7351:1:0:1:0.000240:[[0,0,0],[0,7203,0],[0,0,0]]
3:3:4:7369:1:0:1:0.000200:[[170,0,0],[0,7251,0],[0,0,170]]
3:3:4:7393:1:0:1:0.000201:[[7299,0,0],[0,7251,0],[0,0,7299]]
3:3:4:7411:1:0:1:0.000220:[[0,0,0],[0,56,0],[0,0,0]]
3:3:4:7417:1:0:1:0.000242:[[38,0,0],[0,170,0],[0,0,38]]
3:3:4:7433:1:0:1:0.000187:[[0,0,7191],[0,0,0],[121,0,0]]
3:3:4:7451:1:0:1:0.000244:[[0,0,0],[0,0,0],[0,0,0]]
3:3:4:7457:1:0:1:0.000201:[[0,0,70],[0,0,0],[7422,0,0]]
3:3:4:7459:1:0:1:0.000176:[[0,0,0],[0,32,0],[0,0,0]]
3:3:4:7477:1:0:1:0.000274:[[7305,0,0],[0,7311,0],[0,0,7305]]
3:3:4:7481:1:0:1:0.000204:[[0,0,202],[0,0,0],[7380,0,0]]
3:3:4:7487:1:0:1:0.000219:[[0,0,0],[0,0,0],[0,0,0]]
3:3:4:7489:1:0:1:0.000188:[[7329,0,0],[0,7407,0],[0,0,7329]]
3:3:4:7499:1:0:1:0.000245:[[0,0,0],[0,0,0],[0,0,0]]
3:3:4:7507:1:0:1:0.000252:[[0,0,0],[0,7371,0],[0,0,0]]
3:3:4:7517:1:0:1:0.000208:[[0,0,7323],[0,0,0],[97,0,0]]
3:3:4:7523:1:0:1:0.000223:[[0,0,0],[0,0,0],[0,0,0]]
3:3:4:7529:1:0:1:0.000190:[[0,0,7455],[0,0,0],[37,0,0]]
3:3:4:7537:1:0:1:0.000245:[[158,0,0],[0,50,0],[0,0,158]]
3:3:4:7541:1:0:1:0.000203:[[0,0,7299],[0,0,0],[121,0,0]]
3:3:4:7547:1:0:1:0.000191:[[0,0,0],[0,0,0],[0,0,0]]
3:3:4:7549:1:0:1:0.000205:[[170,0,0],[0,14,0],[0,0,170]]
3:3:4:7559:1:0:1:0.000238:[[0,0,0],[0,0,0],[0,0,0]]
3:3:4:7561:1:0:1:0.000201:[[7473,0,0],[0,134,0],[0,0,7473]]
3:3:4:7573:1:0:1:0.000223:[[7569,0,0],[0,7503,0],[0,0,7569]]
3:3:4:7577:1:0:1:0.000248:[[0,0,10],[0,0,0],[7572,0,0]]
3:3:4:7583:1:0:1:0.000226:[[0,0,0],[0,0,0],[0,0,0]]
3:3:4:7589:1:0:1:0.000224:[[0,0,7575],[0,0,0],[7,0,0]]
3:3:4:7591:1:0:1:0.000205:[[0,0,0],[0,164,0],[0,0,0]]
3:3:4:7603:1:0:1:0.000254:[[0,0,0],[0,7563,0],[0,0,0]]
3:3:4:7607:1:0:1:0.000264:[[0,0,0],[0,0,0],[0,0,0]]
3:3:4:7621:1:0:1:0.000179:[[7449,0,0],[0,7599,0],[0,0,7449]]
3:3:4:7639:1:0:1:0.000249:[[0,0,0],[0,7467,0],[0,0,0]]
3:3:4:7643:1:0:1:0.000305:[[0,0,0],[0,0,0],[0,0,0]]
3:3:4:7649:1:0:1:0.000221:[[0,0,7623],[0,0,0],[13,0,0]]
3:3:4:7669:1:0:1:0.000279:[[20,0,0],[0,26,0],[0,0,20]]
3:3:4:7673:1:0:1:0.000208:[[0,0,7563],[0,0,0],[55,0,0]]
3:3:4:7681:1:0:1:0.000208:[[50,0,0],[0,146,0],[0,0,50]]
3:3:4:7687:1:0:1:0.000201:[[0,0,0],[0,44,0],[0,0,0]]
3:3:4:7691:1:0:1:0.000201:[[0,0,0],[0,0,0],[0,0,0]]
3:3:4:7699:1:0:1:0.000228:[[0,0,0],[0,7587,0],[0,0,0]]
3:3:4:7703:1:0:1:0.000307:[[0,0,0],[0,0,0],[0,0,0]]
3:3:4:7717:1:0:1:0.000194:[[68,0,0],[0,74,0],[0,0,68]]
3:3:4:7723:1:0:1:0.000232:[[0,0,0],[0,7563,0],[0,0,0]]
3:3:4:7727:1:0:1:0.000208:[[0,0,0],[0,0,0],[0,0,0]]
3:3:4:7741:1:0:1:0.000239:[[92,0,0],[0,7599,0],[0,0,92]]
3:3:4:7753:1:0:1:0.000228:[[176,0,0],[0,7695,0],[0,0,176]]
3:3:4:7757:1:0:1:0.000197:[[0,0,7623],[0,0,0],[67,0,0]]
3:3:4:7759:1:0:1:0.000246:[[0,0,0],[0,7587,0],[0,0,0]]
3:3:4:7789:1:0:1:0.000212:[[7623,0,0],[0,7755,0],[0,0,7623]]
3:3:4:7793:1:0:1:0.000254:[[0,0,190],[0,0,0],[7698,0,0]]
3:3:4:7817:1:0:1:0.000230:[[0,0,250],[0,0,0],[7692,0,0]]
3:3:4:7823:1:0:1:0.000214:[[0,0,0],[0,0,0],[0,0,0]]
3:3:4:7829:1:0:1:0.000212:[[0,0,46],[0,0,0],[7806,0,0]]
3:3:4:7841:1:0:1:0.000256:[[0,0,238],[0,0,0],[7722,0,0]]
3:3:4:7853:1:0:1:0.000235:[[0,0,250],[0,0,0],[7728,0,0]]
3:3:4:7867:1:0:1:0.000213:[[0,0,0],[0,7851,0],[0,0,0]]
3:3:4:7873:1:0:1:0.000289:[[7737,0,0],[0,62,0],[0,0,7737]]
3:3:4:7877:1:0:1:0.000197:[[0,0,7827],[0,0,0],[25,0,0]]
3:3:4:7879:1:0:1:0.000257:[[0,0,0],[0,7827,0],[0,0,0]]
3:3:4:7883:1:0:1:0.000198:[[0,0,0],[0,0,0],[0,0,0]]
3:3:4:7901:1:0:1:0.000264:[[0,0,118],[0,0,0],[7842,0,0]]
3:3:4:7907:1:0:1:0.000231:[[0,0,0],[0,0,0],[0,0,0]]
3:3:4:7919:1:0:1:0.000199:[[0,0,0],[0,0,0],[0,0,0]]
